KINEMATIC,5931605,469.171,0.966667,[ 0.719572 0.189773 -0.667984 4.52726; -0.0957176 0.979857 0.175266 1.71745; 0.687789 -0.0621786 0.723242 -4.39891; 0 0 0 1],[ 0.719572 0.189773 -0.667984 4.52718; -0.0957176 0.979857 0.175266 1.71873; 0.687789 -0.0621786 0.723242 -4.3992; 0 0 0 1],,[ 0.649663 0.0661609 -0.757338 535.123; -0.0334368 0.997729 0.0584785 1290.02; 0.759486 -0.0126683 0.6504 -392.551; 0 0 0 1],[ 0.625388 0.100197 -0.773854 341.425; -0.0484254 0.994794 0.0896693 1468.1; 0.77881 -0.0186039 0.626984 -204.897; 0 0 0 1],6.40399,6.40399,2.23904
KINEMATIC,5931606,469.186,0.966667,[ 0.713297 0.191211 -0.674274 4.54903; -0.0949196 0.979556 0.17737 1.72007; 0.694405 -0.0625153 0.716864 -4.41121; 0 0 0 1],[ 0.713789 0.191166 -0.673766 4.54894; -0.0949196 0.979556 0.17737 1.72135; 0.693898 -0.062651 0.717342 -4.41152; 0 0 0 1],,[ 0.636457 0.0671156 -0.768387 541.654; -0.0351825 0.997696 0.0580031 1291.11; 0.770509 -0.00988276 0.637352 -395.809; 0 0 0 1],[ 0.619671 0.0976887 -0.778759 346.551; -0.0456637 0.99503 0.0884829 1469.16; 0.783533 -0.0192693 0.621052 -210.341; 0 0 0 1],6.42528,6.42457,2.26418
KINEMATIC,5931607,469.203,0.966667,[ 0.699614 0.191104 -0.688491 4.55579; -0.0908988 0.979545 0.179524 1.72094; 0.708715 -0.0630144 0.702675 -4.41532; 0 0 0 1],[ 0.700285 0.191044 -0.687825 4.55569; -0.0908988 0.979545 0.179524 1.72222; 0.708053 -0.0631952 0.703326 -4.41563; 0 0 0 1],,[ 0.626199 0.0682925 -0.776666 548.434; -0.0347538 0.997611 0.0596995 1292.22; 0.778888 -0.0103917 0.627077 -398.929; 0 0 0 1],[ 0.614677 0.095777 -0.782943 351.298; -0.045004 0.995242 0.0864155 1470.05; 0.787494 -0.0178821 0.616062 -216.02; 0 0 0 1],6.43239,6.43145,2.27214
KINEMATIC,5931608,469.22,0.966667,[ 0.694423 0.19048 -0.693898 4.56237; -0.0900132 0.979747 0.178867 1.72171; 0.713915 -0.061749 0.697504 -4.41941; 0 0 0 1],[ 0.695271 0.190407 -0.693068 4.56226; -0.0900132 0.979747 0.178867 1.72299; 0.713089 -0.0619755 0.698329 -4.41973; 0 0 0 1],,[ 0.613305 0.0678721 -0.786925 555.031; -0.0345961 0.997653 0.0590843 1292.96; 0.789088 -0.00901223 0.614214 -402.106; 0 0 0 1],[ 0.604983 0.0935175 -0.790727 355.967; -0.0428163 0.995463 0.0849725 1470.76; 0.795086 -0.0175509 0.606242 -221.739; 0 0 0 1],6.43967,6.43848,2.27992
KINEMATIC,5931609,469.245,0.966667,[ 0.688125 0.190553 -0.700123 4.56874; -0.0894371 0.979817 0.178773 1.72252; 0.720059 -0.0604016 0.691279 -4.42338; 0 0 0 1],[ 0.689173 0.190465 -0.699117 4.56863; -0.0894371 0.979817 0.178773 1.7238; 0.719056 -0.0606788 0.692298 -4.42371; 0 0 0 1],,[ 0.60093 0.0683549 -0.796373 561.729; -0.0337375 0.997618 0.0601705 1293.63; 0.798589 -0.00929062 0.601805 -405.218; 0 0 0 1],[ 0.591445 0.0877034 -0.801562 360.718; -0.0389902 0.996015 0.0802101 1471.55; 0.805402 -0.0161868 0.592508 -227.523; 0 0 0 1],6.44765,6.4462,2.28748
KINEMATIC,5931610,469.254,0.966667,[ 0.681075 0.190717 -0.70694 4.57501; -0.0888623 0.979876 0.178739 1.72328; 0.726801 -0.0589141 0.684316 -4.42735; 0 0 0 1],[ 0.682346 0.190614 -0.705741 4.5749; -0.0888623 0.979876 0.178739 1.72455; 0.725608 -0.0592478 0.685553 -4.42769; 0 0 0 1],,[ 0.588796 0.0666197 -0.805532 568.55; -0.0318156 0.997735 0.0592601 1293.99; 0.807655 -0.00926359 0.589582 -408.255; 0 0 0 1],[ 0.578376 0.0836098 -0.811474 365.161; -0.0358923 0.996379 0.0770791 1472.13; 0.81498 -0.015455 0.579283 -233.518; 0 0 0 1],6.4565,6.45475,2.29494
KINEMATIC,5931611,469.27,0.966667,[ 0.67336 0.190552 -0.714336 4.58117; -0.0876479 0.979975 0.178792 1.72399; 0.734101 -0.0577817 0.676578 -4.43136; 0 0 0 1],[ 0.674879 0.190432 -0.712934 4.58105; -0.0876479 0.979975 0.178792 1.72526; 0.732705 -0.0581761 0.678055 -4.43171; 0 0 0 1],,[ 0.578635 0.0635261 -0.813109 575.852; -0.0295224 0.99794 0.0569573 1294.5; 0.815052 -0.00895254 0.579318 -411.239; 0 0 0 1],[ 0.567553 0.0807257 -0.81937 369.193; -0.0325402 0.996604 0.0756475 1472.53; 0.822694 -0.0162715 0.568252 -239.779; 0 0 0 1],6.46611,6.46404,2.30232
KINEMATIC,5931612,469.289,0.966667,[ 0.666044 0.189243 -0.721507 4.58725; -0.0851362 0.980247 0.178516 1.72469; 0.741038 -0.0574732 0.668999 -4.43527; 0 0 0 1],[ 0.667821 0.189105 -0.719899 4.58712; -0.0851362 0.980247 0.178516 1.72597; 0.739437 -0.0579274 0.670729 -4.43564; 0 0 0 1],,[ 0.571233 0.0593811 -0.818637 583.497; -0.0243561 0.998167 0.0554082 1295.15; 0.820426 -0.0117122 0.571632 -414.186; 0 0 0 1],[ 0.55585 0.0790686 -0.827514 373.007; -0.0299427 0.996725 0.0751237 1472.78; 0.830743 -0.0169795 0.556396 -246.192; 0 0 0 1],6.47601,6.47361,2.30959
KINEMATIC,5931613,469.305,0.966667,[ 0.658531 0.187882 -0.728723 4.59345; -0.0822379 0.980501 0.17848 1.72531; 0.748047 -0.0576058 0.661141 -4.43928; 0 0 0 1],[ 0.660575 0.187724 -0.726912 4.5933; -0.0822379 0.980501 0.17848 1.72659; 0.746243 -0.0581195 0.663132 -4.43966; 0 0 0 1],,[ 0.565299 0.0555873 -0.823011 591.399; -0.0177633 0.998316 0.0552266 1296.08; 0.824695 -0.0166002 0.565334 -416.965; 0 0 0 1],[ 0.540717 0.0745547 -0.837894 377.059; -0.0283011 0.997113 0.0704583 1473.21; 0.840728 -0.0143847 0.541266 -252.958; 0 0 0 1],6.48606,6.48333,2.31699
KINEMATIC,5931614,469.323,0.966667,[ 0.650988 0.187161 -0.735654 4.5995; -0.0802034 0.980662 0.178522 1.72588; 0.75484 -0.0572136 0.653409 -4.44299; 0 0 0 1],[ 0.653302 0.186984 -0.733644 4.59934; -0.0802034 0.980662 0.178522 1.72716; 0.752837 -0.0577879 0.655665 -4.44339; 0 0 0 1],,[ 0.55577 0.0513004 -0.829752 599.03; -0.0120815 0.998487 0.0536404 1296.97; 0.831248 -0.019787 0.555549 -419.761; 0 0 0 1],[ 0.544313 0.0896599 -0.834077 378.99; -0.0299235 0.995714 0.0875073 1472.65; 0.838348 -0.0226729 0.544664 -260.097; 0 0 0 1],6.4961,6.49303,2.32411
KINEMATIC,5931615,469.342,0.966667,[ 0.642889 0.187173 -0.742738 4.60561; -0.0790036 0.980716 0.178761 1.72634; 0.761874 -0.0562444 0.645279 -4.44691; 0 0 0 1],[ 0.645487 0.18698 -0.740531 4.60544; -0.0790036 0.980716 0.178761 1.72762; 0.759674 -0.0568833 0.647811 -4.44734; 0 0 0 1],,[ 0.538285 0.0505608 -0.841245 605.862; -0.0104532 0.998523 0.053325 1297.67; 0.842698 -0.0199104 0.538018 -422.519; 0 0 0 1],[ 0.529043 0.0994428 -0.842748 382.06; -0.0259926 0.994543 0.101037 1472.23; 0.848197 -0.0315478 0.528741 -266.566; 0 0 0 1],6.50644,6.50303,2.33139
KINEMATIC,5931616,469.355,0.966667,[ 0.634187 0.187822 -0.75002 4.61175; -0.0788026 0.980696 0.178956 1.72673; 0.769153 -0.054388 0.636746 -4.45093; 0 0 0 1],[ 0.637086 0.187615 -0.747611 4.61156; -0.0788026 0.980696 0.178956 1.72801; 0.766754 -0.0550965 0.639572 -4.45137; 0 0 0 1],,[ 0.521296 0.0513537 -0.851829 612.827; -0.00870397 0.998456 0.0548667 1298.45; 0.853331 -0.0211875 0.520938 -425.507; 0 0 0 1],[ 0.50255 0.104098 -0.858258 386.059; -0.0223666 0.993958 0.107461 1472.2; 0.864259 -0.0348082 0.501842 -273.324; 0 0 0 1],6.51721,6.51344,2.33873
KINEMATIC,5931617,469.372,0.966667,[ 0.624826 0.188577 -0.757649 4.61776; -0.0786113 0.980657 0.179253 1.72703; 0.776796 -0.0524423 0.627564 -4.45492; 0 0 0 1],[ 0.628047 0.188357 -0.755035 4.61756; -0.0786113 0.980657 0.179253 1.72831; 0.774194 -0.0532251 0.630706 -4.45539; 0 0 0 1],,[ 0.504937 0.0523275 -0.861569 619.798; -0.00493007 0.998319 0.0577437 1299.28; 0.863142 -0.0249093 0.504346 -428.581; 0 0 0 1],[ 0.478231 0.108355 -0.871524 389.9; -0.0191928 0.993412 0.112977 1472.07; 0.878024 -0.0373023 0.47716 -280.469; 0 0 0 1],6.5286,6.52445,2.34595
KINEMATIC,5931618,469.389,0.966667,[ 0.614993 0.189637 -0.76539 4.62378; -0.0774016 0.980481 0.180736 1.72715; 0.784724 -0.0519092 0.617667 -4.45896; 0 0 0 1],[ 0.61856 0.189398 -0.762569 4.62356; -0.0774016 0.980481 0.180736 1.72843; 0.781916 -0.0527721 0.621146 -4.45946; 0 0 0 1],,[ 0.48769 0.0546576 -0.871304 626.7; -0.00118493 0.998079 0.061947 1300.04; 0.873016 -0.0291785 0.486818 -431.759; 0 0 0 1],[ 0.455252 0.111026 -0.883413 393.372; -0.0178386 0.993133 0.115623 1471.87; 0.890184 -0.0368787 0.454107 -288.025; 0 0 0 1],6.54059,6.53604,2.3532
KINEMATIC,5931619,469.406,0.966667,[ 0.60463 0.190259 -0.773449 4.62975; -0.0757465 0.980386 0.18195 1.72722; 0.792897 -0.0514262 0.607182 -4.4634; 0 0 0 1],[ 0.608563 0.190002 -0.770423 4.62951; -0.0757465 0.980386 0.18195 1.72849; 0.789882 -0.0523711 0.611018 -4.46393; 0 0 0 1],,[ 0.46848 0.0562052 -0.881684 633.457; 0.00212246 0.9979 0.0647414 1300.61; 0.883472 -0.0322014 0.467377 -435.041; 0 0 0 1],[ 0.432796 0.10933 -0.894838 396.683; -0.0170484 0.993434 0.113131 1471.53; 0.901331 -0.0337071 0.431818 -295.949; 0 0 0 1],6.55307,6.5481,2.36064
KINEMATIC,5931620,469.421,0.966667,[ 0.59432 0.190367 -0.781373 4.63567; -0.0735055 0.980372 0.182941 1.72711; 0.800862 -0.0512901 0.596648 -4.46751; 0 0 0 1],[ 0.598631 0.190088 -0.778144 4.6354; -0.0735055 0.980372 0.182941 1.72839; 0.797645 -0.0523161 0.600854 -4.46807; 0 0 0 1],,[ 0.448976 0.0574092 -0.891698 640.251; 0.00485725 0.997762 0.0666835 1301.01; 0.89353 -0.0342705 0.447693 -438.122; 0 0 0 1],[ 0.408686 0.106432 -0.906448 399.999; -0.0159785 0.993859 0.109491 1471.05; 0.912535 -0.030264 0.407877 -304.151; 0 0 0 1],6.5658,6.5604,2.36785
KINEMATIC,5931621,469.442,0.966667,[ 0.583416 0.190688 -0.789471 4.6415; -0.0720344 0.980365 0.183563 1.72687; 0.808973 -0.0502247 0.585697 -4.47166; 0 0 0 1],[ 0.588119 0.190392 -0.786045 4.64121; -0.0720344 0.980365 0.183563 1.72815; 0.80556 -0.0513349 0.590286 -4.47225; 0 0 0 1],,[ 0.427928 0.0561614 -0.902066 646.769; 0.00795345 0.997795 0.0658943 1301.1; 0.903778 -0.0353726 0.426538 -441.172; 0 0 0 1],[ 0.409883 0.103072 -0.906296 402.322; -0.0363437 0.994651 0.0966842 1470.47; 0.911414 -0.00669103 0.411437 -314.683; 0 0 0 1],6.57878,6.57295,2.37501
KINEMATIC,5931622,469.455,0.966667,[ 0.572348 0.192907 -0.796998 4.64728; -0.0717761 0.97999 0.185654 1.72657; 0.816864 -0.049053 0.574741 -4.47572; 0 0 0 1],[ 0.577459 0.192595 -0.793378 4.64696; -0.0717761 0.97999 0.185654 1.72785; 0.813259 -0.0502618 0.579728 -4.47635; 0 0 0 1],,[ 0.405757 0.0551234 -0.912317 653.24; 0.00888427 0.997895 0.0642453 1301; 0.913938 -0.0341732 0.404413 -444.144; 0 0 0 1],[ 0.390667 0.0999672 -0.915088 405.191; -0.0390881 0.994991 0.0920087 1469.91; 0.919702 -0.000175672 0.392617 -323.715; 0 0 0 1],6.59212,6.58585,2.38208
KINEMATIC,5931623,469.472,0.966667,[ 0.560318 0.195368 -0.804907 4.65306; -0.0725936 0.979628 0.187242 1.72625; 0.82509 -0.0464842 0.563086 -4.47981; 0 0 0 1],[ 0.565861 0.195051 -0.801097 4.65272; -0.0725936 0.979628 0.187242 1.72752; 0.821298 -0.0477988 0.568493 -4.48048; 0 0 0 1],,[ 0.385117 0.0529267 -0.921349 659.798; 0.0115558 0.997999 0.0621601 1300.94; 0.922795 -0.0345858 0.383735 -447.12; 0 0 0 1],[ 0.367892 0.0983821 -0.924649 408.233; -0.038782 0.995145 0.0904526 1469.29; 0.929059 0.00258295 0.369921 -332.941; 0 0 0 1],6.60601,6.59928,2.38917
KINEMATIC,5931624,469.489,0.966667,[ 0.548294 0.197238 -0.812694 4.65882; -0.0730421 0.97937 0.188411 1.72583; 0.83309 -0.0439435 0.551389 -4.48406; 0 0 0 1],[ 0.554281 0.196916 -0.808701 4.65845; -0.0730421 0.97937 0.188411 1.72711; 0.829118 -0.0453633 0.55723 -4.48477; 0 0 0 1],,[ 0.362082 0.0492526 -0.930844 666.082; 0.0146355 0.99818 0.0585084 1300.87; 0.932032 -0.0348081 0.360702 -450.295; 0 0 0 1],[ 0.346877 0.0958959 -0.932995 411.316; -0.0396287 0.995369 0.0875734 1468.75; 0.937073 0.00659616 0.349071 -342.491; 0 0 0 1],6.62012,6.61292,2.39635
KINEMATIC,5931625,469.506,0.966667,[ 0.534143 0.197893 -0.821906 4.66471; -0.0734038 0.979401 0.18811 1.72544; 0.842201 -0.0401466 0.537666 -4.48871; 0 0 0 1],[ 0.540626 0.197577 -0.817733 4.6643; -0.0734038 0.979401 0.18811 1.72672; 0.838055 -0.0416723 0.543992 -4.48947; 0 0 0 1],,[ 0.337393 0.0466057 -0.94021 672.265; 0.0155865 0.99836 0.0550814 1300.88; 0.941235 -0.0332386 0.336113 -453.662; 0 0 0 1],[ 0.320781 0.0910268 -0.942769 414.464; -0.0356642 0.995826 0.0840147 1468.22; 0.946482 0.00667281 0.322688 -351.965; 0 0 0 1],6.63548,6.62776,2.40386
KINEMATIC,5931626,469.523,0.966667,[ 0.518246 0.197812 -0.83204 4.67049; -0.0729711 0.979563 0.187434 1.72507; 0.852113 -0.0364218 0.52209 -4.49317; 0 0 0 1],[ 0.525284 0.197504 -0.827689 4.67004; -0.0729711 0.979563 0.187434 1.72635; 0.847793 -0.0380584 0.528961 -4.49397; 0 0 0 1],,[ 0.31337 0.0400282 -0.948787 678.216; 0.0163911 0.998734 0.0475491 1300.73; 0.94949 -0.0304521 0.312317 -457.134; 0 0 0 1],[ 0.296851 0.0895203 -0.950719 417.607; -0.0363084 0.995934 0.082441 1467.58; 0.954233 0.0100464 0.298894 -361.839; 0 0 0 1],6.65239,6.64411,2.41116
KINEMATIC,5931627,469.542,0.966667,[ 0.500211 0.197986 -0.842965 4.67616; -0.0722855 0.979659 0.187197 1.72457; 0.862881 -0.0327038 0.504348 -4.49741; 0 0 0 1],[ 0.507876 0.197687 -0.83844 4.67568; -0.0722855 0.979659 0.187197 1.72585; 0.858392 -0.0344658 0.511836 -4.49826; 0 0 0 1],,[ 0.290525 0.0373585 -0.956138 684.056; 0.0183016 0.998838 0.0445879 1300.78; 0.956692 -0.0304528 0.289504 -460.797; 0 0 0 1],[ 0.273907 0.0881559 -0.957707 420.683; -0.0353833 0.99604 0.0815646 1466.75; 0.961105 0.0115457 0.275941 -372.169; 0 0 0 1],6.67118,6.66228,2.41827
KINEMATIC,5931628,469.557,0.966667,[ 0.481045 0.19848 -0.853932 4.68202; -0.0717028 0.979679 0.187315 1.72406; 0.873758 -0.0288777 0.485502 -4.50182; 0 0 0 1],[ 0.489393 0.198195 -0.849243 4.68149; -0.0717028 0.979679 0.187315 1.72534; 0.869111 -0.0307775 0.493659 -4.50273; 0 0 0 1],,[ 0.264473 0.0360809 -0.963718 689.734; 0.0186292 0.998922 0.0425113 1300.71; 0.964213 -0.0291964 0.263515 -464.858; 0 0 0 1],[ 0.246397 0.0831976 -0.965591 423.792; -0.0354472 0.996416 0.0768082 1465.86; 0.968521 0.0153022 0.248463 -382.173; 0 0 0 1],6.69134,6.68177,2.42561
KINEMATIC,5931629,469.574,0.966667,[ 0.460917 0.200507 -0.864495 4.68797; -0.0726646 0.979398 0.188414 1.72347; 0.884463 -0.0240249 0.465991 -4.50634; 0 0 0 1],[ 0.469984 0.200249 -0.85966 4.6874; -0.0726646 0.979398 0.188414 1.72475; 0.879679 -0.0260847 0.474853 -4.50731; 0 0 0 1],,[ 0.239016 0.0345916 -0.970399 695.328; 0.0179702 0.999037 0.0400386 1300.39; 0.970849 -0.0270081 0.238164 -468.993; 0 0 0 1],[ 0.228266 0.0783306 -0.970443 426.901; -0.0388288 0.996698 0.0713166 1464.89; 0.972824 0.021402 0.230553 -393.479; 0 0 0 1],6.71238,6.7021,2.43311
KINEMATIC,5931630,469.59,0.966667,[ 0.441418 0.204647 -0.873653 4.6938; -0.0739752 0.97863 0.191861 1.72269; 0.894247 -0.0200619 0.447124 -4.51071; 0 0 0 1],[ 0.451225 0.204414 -0.868683 4.69318; -0.0739752 0.97863 0.191861 1.72397; 0.889339 -0.0223112 0.456704 -4.51175; 0 0 0 1],,[ 0.213647 0.0334601 -0.976338 700.993; 0.0161995 0.999155 0.0377869 1300.15; 0.976777 -0.0238892 0.212924 -473.326; 0 0 0 1],[ 0.197634 0.0721011 -0.977621 429.965; -0.0381935 0.997101 0.0658167 1463.88; 0.979532 0.0243311 0.199815 -403.996; 0 0 0 1],6.73392,6.72292,2.44044
KINEMATIC,5931631,469.606,0.966667,[ 0.422417 0.209994 -0.881741 4.69969; -0.0754198 0.977562 0.196683 1.7221; 0.903258 -0.0165812 0.428776 -4.51505; 0 0 0 1],[ 0.432956 0.209785 -0.876664 4.69902; -0.0754198 0.977562 0.196683 1.72338; 0.898254 -0.0190371 0.439063 -4.51616; 0 0 0 1],,[ 0.188231 0.0279682 -0.981726 706.708; 0.0149166 0.999398 0.0313317 1300.17; 0.982011 -0.0205416 0.187701 -477.682; 0 0 0 1],[ 0.166361 0.0624965 -0.984082 432.821; -0.0357613 0.997715 0.0573168 1463.25; 0.985416 0.0256568 0.168216 -414.725; 0 0 0 1],6.75501,6.74331,2.44778
KINEMATIC,5931632,469.623,0.966667,[ 0.403434 0.213951 -0.889643 4.70568; -0.0775479 0.976775 0.199739 1.72193; 0.911716 -0.0115916 0.410656 -4.51948; 0 0 0 1],[ 0.414704 0.213791 -0.884485 4.70495; -0.0775479 0.976775 0.199739 1.72321; 0.906646 -0.0142426 0.421652 -4.52066; 0 0 0 1],,[ 0.160982 0.0200477 -0.986754 712.26; 0.0144718 0.999638 0.0226704 1300.75; 0.986851 -0.0179296 0.160634 -481.982; 0 0 0 1],[ 0.128087 0.0767527 -0.988788 435.704; -0.0309416 0.996825 0.0733683 1462.77; 0.99128 0.0211971 0.130055 -425.07; 0 0 0 1],6.77585,6.76346,2.45523
KINEMATIC,5931633,469.643,0.966667,[ 0.384019 0.216628 -0.897553 4.7117; -0.0799063 0.976238 0.20143 1.7222; 0.919861 -0.00563283 0.392204 -4.52401; 0 0 0 1],[ 0.396028 0.216535 -0.892342 4.71092; -0.0799063 0.976238 0.20143 1.72348; 0.914755 -0.00846836 0.403921 -4.52527; 0 0 0 1],,[ 0.131059 0.0154843 -0.991254 717.642; 0.0116995 0.999784 0.0171644 1301.84; 0.991305 -0.0138467 0.13085 -486.119; 0 0 0 1],[ 0.0895637 0.0852563 -0.992325 439.246; -0.0253727 0.996202 0.0832993 1462.89; 0.995658 0.0177174 0.0913866 -435.384; 0 0 0 1],6.79675,6.78366,2.46277
KINEMATIC,5931634,469.658,0.966667,[ 0.36338 0.217926 -0.905794 4.71753; -0.081823 0.975965 0.201983 1.72266; 0.928041 0.000718154 0.372478 -4.52835; 0 0 0 1],[ 0.376168 0.217915 -0.900561 4.71668; -0.081823 0.975965 0.201983 1.72394; 0.922932 -0.00229295 0.384957 -4.52969; 0 0 0 1],,[ 0.10189 0.0111268 -0.994734 722.8; 0.0102635 0.999872 0.0122355 1303.09; 0.994743 -0.0114561 0.101762 -489.896; 0 0 0 1],[ 0.0572079 0.0917218 -0.99414 442.735; -0.0227464 0.995632 0.0905505 1463.19; 0.998103 0.0174329 0.0590444 -446.205; 0 0 0 1],6.81851,6.80469,2.47005
KINEMATIC,5931635,469.676,0.966667,[ 0.34282 0.217784 -0.913807 4.72328; -0.0834537 0.97597 0.201291 1.7232; 0.935687 0.00725435 0.352757 -4.53239; 0 0 0 1],[ 0.356391 0.217866 -0.908581 4.72238; -0.0834537 0.97597 0.201291 1.72448; 0.930603 0.00408657 0.366008 -4.53381; 0 0 0 1],,[ 0.0746839 0.00888197 -0.997168 727.691; 0.0105584 0.999897 0.00969707 1304.37; 0.997151 -0.0112527 0.0745824 -493.308; 0 0 0 1],[ 0.0319081 0.0949345 -0.994972 446.101; -0.0226269 0.995292 0.0942394 1463.24; 0.999235 0.0195062 0.0339059 -457.239; 0 0 0 1],6.84027,6.82573,2.4771
KINEMATIC,5931636,469.692,0.966667,[ 0.322052 0.218319 -0.921205 4.7286; -0.0842521 0.975796 0.201802 1.7237; 0.942965 0.0126232 0.332651 -4.53594; 0 0 0 1],[ 0.336414 0.218486 -0.916018 4.72764; -0.0842521 0.975796 0.201802 1.72498; 0.937937 0.00928774 0.34668 -4.53745; 0 0 0 1],,[ 0.0495385 0.0100023 -0.998722 732.36; 0.010187 0.999893 0.0105193 1305.62; 0.99872 -0.0106951 0.0494313 -496.362; 0 0 0 1],[ 0.0131683 0.0860355 -0.996205 449.106; -0.0219311 0.996077 0.0857345 1463.68; 0.999673 0.0207189 0.0150035 -468.519; 0 0 0 1],6.86215,6.84688,2.48352
KINEMATIC,5931637,469.706,0.966667,[ 0.301989 0.219751 -0.927637 4.73342; -0.0840371 0.975417 0.203711 1.72413; 0.9496 0.0164376 0.313033 -4.53958; 0 0 0 1],[ 0.317135 0.219985 -0.922514 4.7324; -0.0840371 0.975417 0.203711 1.72541; 0.94465 0.0129216 0.327827 -4.54116; 0 0 0 1],,[ 0.0252819 0.00911066 -0.999639 736.81; 0.011457 0.99989 0.00940271 1306.64; 0.999615 -0.0116905 0.0251748 -499.362; 0 0 0 1],[ -0.0101958 0.0674936 -0.997668 452.806; -0.0172617 0.997559 0.0676626 1464.62; 0.999799 0.0179113 -0.00900582 -478.61; 0 0 0 1],6.88373,6.86773,2.48957
KINEMATIC,5931638,469.724,0.966667,[ 0.281297 0.220442 -0.933957 4.73815; -0.0821194 0.975217 0.205447 1.72463; 0.9561 0.018905 0.292428 -4.54316; 0 0 0 1],[ 0.297234 0.220727 -0.928941 4.73707; -0.0821194 0.975217 0.205447 1.72591; 0.951267 0.0152188 0.307994 -4.54482; 0 0 0 1],,[ 0.00316086 0.00778581 -0.999965 741.11; 0.0123332 0.999893 0.00782423 1307.48; 0.999919 -0.0123574 0.0030645 -502.221; 0 0 0 1],[ -0.0308144 0.0585518 -0.997809 456.429; -0.0189949 0.998068 0.0591536 1465.42; 0.999345 0.0207761 -0.0296427 -488.441; 0 0 0 1],6.90532,6.8886,2.49552
KINEMATIC,5931639,469.742,0.966667,[ 0.26038 0.219653 -0.940188 4.74256; -0.0803724 0.975329 0.205604 1.72517; 0.962155 0.0220305 0.271611 -4.54657; 0 0 0 1],[ 0.277117 0.220004 -0.935309 4.74142; -0.0803724 0.975329 0.205604 1.72645; 0.957468 0.0181973 0.287963 -4.54831; 0 0 0 1],,[ -0.0131843 0.00920388 -0.999871 745.18; 0.0126196 0.99988 0.00903756 1307.99; 0.999833 -0.0124988 -0.0132989 -504.922; 0 0 0 1],[ -0.0492413 0.0568248 -0.997169 459.994; -0.0209663 0.998101 0.0579132 1466.19; 0.998567 0.0237587 -0.0479564 -498.203; 0 0 0 1],6.9271,6.90967,2.50112
KINEMATIC,5931640,469.758,0.966667,[ 0.239024 0.217477 -0.946346 4.74692; -0.078565 0.975732 0.204387 1.72574; 0.96783 0.0254964 0.250309 -4.54943; 0 0 0 1],[ 0.256568 0.217905 -0.941643 4.74573; -0.078565 0.975732 0.204387 1.72702; 0.963328 0.0215409 0.267462 -4.55124; 0 0 0 1],,[ -0.0383749 0.00498126 -0.999251 748.845; 0.012726 0.999909 0.00449581 1308.17; 0.999182 -0.012544 -0.0384348 -507.502; 0 0 0 1],[ -0.0718875 0.0599451 -0.99561 463.596; -0.0234218 0.997816 0.0617691 1466.96; 0.997138 0.0277594 -0.0703264 -507.514; 0 0 0 1],6.94908,6.93091,2.50637
KINEMATIC,5931641,469.775,0.966667,[ 0.217776 0.215564 -0.951896 4.75105; -0.0783083 0.976019 0.203111 1.72591; 0.972852 0.0303085 0.229434 -4.55158; 0 0 0 1],[ 0.236126 0.216098 -0.947389 4.74982; -0.0783083 0.976019 0.203111 1.72719; 0.968562 0.0262286 0.247385 -4.55347; 0 0 0 1],,[ -0.0611604 0.002986 -0.998123 752.312; 0.0137957 0.999903 0.00214599 1308.52; 0.998033 -0.0136386 -0.0611956 -509.738; 0 0 0 1],[ -0.0953117 0.0631359 -0.993443 467.128; -0.0241092 0.997548 0.0657098 1467.67; 0.995156 0.030214 -0.0935557 -516.543; 0 0 0 1],6.97106,6.95216,2.51103
KINEMATIC,5931642,469.792,0.966667,[ 0.196361 0.214744 -0.956727 4.75562; -0.0787594 0.976025 0.20291 1.72632; 0.977363 0.0355077 0.208567 -4.55398; 0 0 0 1],[ 0.215516 0.2154 -0.952447 4.75434; -0.0787594 0.976025 0.20291 1.7276; 0.973319 0.0312839 0.227314 -4.55596; 0 0 0 1],,[ -0.0858068 0.00111394 -0.996311 755.338; 0.0139484 0.999903 -8.33432e-05 1308.69; 0.996214 -0.0139041 -0.085814 -511.845; 0 0 0 1],[ -0.119044 0.067897 -0.990565 470.434; -0.021976 0.997235 0.0709952 1468.14; 0.992646 0.0302202 -0.117223 -525.139; 0 0 0 1],6.99314,6.9735,2.51621
KINEMATIC,5931643,469.809,0.966667,[ 0.174411 0.215187 -0.960872 4.76026; -0.0792474 0.975731 0.204131 1.7267; 0.981479 0.0405443 0.187231 -4.55646; 0 0 0 1],[ 0.194373 0.215969 -0.956858 4.75892; -0.0792474 0.975731 0.204131 1.72798; 0.977721 0.0361513 0.206771 -4.55853; 0 0 0 1],,[ -0.109771 0.00151449 -0.993956 758.033; 0.0128326 0.999918 0.000106369 1308.82; 0.993874 -0.0127433 -0.109781 -513.809; 0 0 0 1],[ -0.139507 0.069799 -0.987758 473.805; -0.0215498 0.997062 0.0735 1468.49; 0.989987 0.0315397 -0.137593 -533.241; 0 0 0 1],7.0153,6.99492,2.52148
KINEMATIC,5931644,469.824,0.966667,[ 0.152644 0.217303 -0.964094 4.76464; -0.0788715 0.975094 0.207295 1.72698; 0.985129 0.0443977 0.165981 -4.55877; 0 0 0 1],[ 0.173404 0.218192 -0.960376 4.76325; -0.0788715 0.975094 0.207295 1.72826; 0.981687 0.0398009 0.186295 -4.56093; 0 0 0 1],,[ -0.133346 0.00309178 -0.991065 760.282; 0.0125671 0.99992 0.00142852 1309.02; 0.99099 -0.0122643 -0.133374 -515.594; 0 0 0 1],[ -0.161753 0.0765289 -0.983859 476.631; -0.0184706 0.996579 0.080555 1468.52; 0.986658 0.0312025 -0.159786 -540.695; 0 0 0 1],7.0373,7.01619,2.52644
KINEMATIC,5931645,469.842,0.966667,[ 0.131385 0.220728 -0.966445 4.76826; -0.0771181 0.974218 0.212019 1.72697; 0.988326 0.0466749 0.14502 -4.56037; 0 0 0 1],[ 0.152929 0.221694 -0.963049 4.76684; -0.0771181 0.974218 0.212019 1.72825; 0.985223 0.0418454 0.166083 -4.56262; 0 0 0 1],,[ -0.154231 0.00820241 -0.988001 762.337; 0.0136921 0.999887 0.00616369 1309.39; 0.98794 -0.0125772 -0.154326 -517.041; 0 0 0 1],[ -0.181149 0.0725753 -0.980774 479.81; -0.0150668 0.996952 0.0765553 1468.89; 0.98334 0.028645 -0.179504 -547.509; 0 0 0 1],7.05893,7.0371,2.5304
KINEMATIC,5931646,469.858,0.966667,[ 0.11069 0.225312 -0.967977 4.77167; -0.075536 0.973053 0.217856 1.72679; 0.990979 0.0490036 0.124726 -4.56176; 0 0 0 1],[ 0.132998 0.226359 -0.96492 4.77022; -0.075536 0.973053 0.217856 1.72807; 0.988233 0.0439127 0.146513 -4.56408; 0 0 0 1],,[ -0.173312 0.00974017 -0.984819 764.203; 0.015474 0.999855 0.0071657 1309.61; 0.984745 -0.0139972 -0.173438 -518.196; 0 0 0 1],[ -0.194004 0.0787151 -0.977838 482.172; -0.016728 0.996365 0.0835254 1468.84; 0.980858 0.0325615 -0.191982 -554.609; 0 0 0 1],7.08025,7.0577,2.53408
KINEMATIC,5931647,469.875,0.966667,[ 0.0911935 0.229933 -0.968923 4.77481; -0.0744128 0.971832 0.223619 1.72649; 0.993048 0.0517085 0.105735 -4.56293; 0 0 0 1],[ 0.114225 0.231071 -0.966208 4.77333; -0.0744128 0.971832 0.223619 1.72777; 0.990663 0.0463561 0.128202 -4.56533; 0 0 0 1],,[ -0.19045 0.0120501 -0.981623 765.989; 0.0176362 0.999805 0.00885163 1309.91; 0.981538 -0.0156263 -0.190626 -519.052; 0 0 0 1],[ -0.207801 0.083263 -0.974621 484.476; -0.0179932 0.995877 0.0889153 1468.77; 0.978006 0.0360132 -0.205446 -561.049; 0 0 0 1],7.10058,7.07736,2.53746
KINEMATIC,5931648,469.892,0.966667,[ 0.0714833 0.234095 -0.969581 4.77748; -0.0733576 0.97067 0.228949 1.72604; 0.99474 0.054761 0.0865595 -4.56376; 0 0 0 1],[ 0.0952151 0.235336 -0.967238 4.77598; -0.0733576 0.97067 0.228949 1.72732; 0.992749 0.0491558 0.109686 -4.56622; 0 0 0 1],,[ -0.205948 0.00603633 -0.978544 767.68; 0.0181828 0.999832 0.00234083 1310.01; 0.978394 -0.0173106 -0.206023 -519.591; 0 0 0 1],[ -0.226794 0.0901701 -0.96976 486.354; -0.0141111 0.995296 0.0958447 1468.51; 0.97384 0.0354214 -0.224455 -566.616; 0 0 0 1],7.12039,7.09651,2.54028
KINEMATIC,5931649,469.91,0.966667,[ 0.0527113 0.236721 -0.970146 4.77991; -0.0721988 0.969858 0.232728 1.72561; 0.995996 0.0577766 0.0682137 -4.56434; 0 0 0 1],[ 0.0771214 0.238067 -0.968181 4.77839; -0.0721988 0.969858 0.232728 1.72689; 0.994404 0.0519539 0.0919851 -4.56685; 0 0 0 1],,[ -0.219576 0.00367528 -0.975588 769.243; 0.0204092 0.999791 -0.000827054 1310.36; 0.975382 -0.0200926 -0.219605 -519.796; 0 0 0 1],[ -0.245901 0.0933793 -0.964786 488.185; -0.0103373 0.995039 0.0989422 1468.22; 0.96924 0.0343033 -0.243716 -571.629; 0 0 0 1],7.13979,7.11526,2.54281
KINEMATIC,5931650,469.927,0.966667,[ 0.0347301 0.238025 -0.970637 4.78229; -0.0710015 0.969357 0.235171 1.72527; 0.996871 0.0607498 0.0505662 -4.5649; 0 0 0 1],[ 0.059785 0.239478 -0.969059 4.78077; -0.0710015 0.969357 0.235171 1.72655; 0.995682 0.0547455 0.0749564 -4.56747; 0 0 0 1],,[ -0.236283 0.0015201 -0.971683 770.726; 0.0223504 0.999743 -0.00387093 1310.81; 0.971427 -0.0226321 -0.236256 -519.928; 0 0 0 1],[ -0.264635 0.0884132 -0.960287 490.184; -0.00617455 0.995613 0.0933671 1468.29; 0.964329 0.0306375 -0.262928 -576.09; 0 0 0 1],7.15841,7.13326,2.54529
KINEMATIC,5931651,469.944,0.966667,[ 0.0176507 0.238803 -0.970907 4.78425; -0.0694098 0.969009 0.237075 1.72499; 0.997431 0.0632065 0.0336792 -4.56518; 0 0 0 1],[ 0.0433247 0.240352 -0.969718 4.78271; -0.0694098 0.969009 0.237075 1.72627; 0.996647 0.0570373 0.058665 -4.56781; 0 0 0 1],,[ -0.255076 -0.00168511 -0.96692 771.968; 0.0219426 0.999731 -0.0075308 1311.13; 0.966672 -0.0231376 -0.25497 -519.875; 0 0 0 1],[ -0.279018 0.0678069 -0.957889 493.183; -0.00795612 0.997306 0.0729147 1468.94; 0.960253 0.0279656 -0.277727 -580.243; 0 0 0 1],7.17646,7.15071,2.54728
KINEMATIC,5931652,469.961,0.966667,[ -0.000669539 0.238254 -0.971202 4.786; -0.0668877 0.969017 0.237764 1.72478; 0.99776 0.065121 0.0152875 -4.56518; 0 0 0 1],[ 0.025619 0.239887 -0.970463 4.78446; -0.0668877 0.969017 0.237764 1.72606; 0.997431 0.058821 0.0408708 -4.56785; 0 0 0 1],,[ -0.270236 -0.00276916 -0.96279 773.009; 0.0228503 0.999696 -0.00928894 1311.55; 0.962523 -0.0245103 -0.270091 -519.455; 0 0 0 1],[ -0.293311 0.0606248 -0.954093 495.288; -0.00828524 0.997789 0.0659484 1469.06; 0.955981 0.0272482 -0.29216 -584.464; 0 0 0 1],7.1945,7.16815,2.54905
KINEMATIC,5931653,469.976,0.966667,[ -0.0204169 0.237435 -0.971188 4.78826; -0.0642479 0.969072 0.238268 1.72508; 0.997725 0.0672618 -0.00453055 -4.56593; 0 0 0 1],[ 0.00650674 0.239163 -0.970957 4.7867; -0.0642479 0.969072 0.238268 1.72636; 0.997912 0.060832 0.0216714 -4.56867; 0 0 0 1],,[ -0.287152 -0.00469818 -0.957873 773.847; 0.0234405 0.999654 -0.0119301 1311.89; 0.957598 -0.0258788 -0.286943 -518.823; 0 0 0 1],[ -0.310299 0.0614411 -0.948651 496.811; -0.00699995 0.997734 0.0669096 1468.7; 0.950613 0.0274025 -0.309166 -588.521; 0 0 0 1],7.21342,7.18644,2.55145
KINEMATIC,5931654,469.993,0.966667,[ -0.0426557 0.23563 -0.970906 4.78986; -0.0613898 0.969336 0.237947 1.7252; 0.997201 0.0697539 -0.0268824 -4.56577; 0 0 0 1],[ -0.015058 0.23747 -0.971278 4.78831; -0.0613898 0.969336 0.237947 1.72648; 0.998 0.06321 -1.8077e-05 -4.56854; 0 0 0 1],,[ -0.304113 -0.00684719 -0.952611 774.445; 0.0234831 0.999616 -0.0146818 1312.08; 0.952347 -0.0268352 -0.303835 -517.975; 0 0 0 1],[ -0.325665 0.0621217 -0.943442 498.489; -0.00665972 0.997664 0.0679909 1468.12; 0.945462 0.0284253 -0.32449 -592.729; 0 0 0 1],7.23386,7.2062,2.55307
KINEMATIC,5931655,470.01,0.966667,[ -0.0666243 0.23396 -0.96996 4.79109; -0.0585907 0.969526 0.23788 1.72529; 0.996056 0.0726795 -0.050886 -4.56513; 0 0 0 1],[ -0.0383154 0.23593 -0.971014 4.78955; -0.0585907 0.969526 0.23788 1.72656; 0.997546 0.0660071 -0.0233244 -4.56794; 0 0 0 1],,[ -0.320335 -0.00683851 -0.94728 774.828; 0.0235744 0.999607 -0.0151883 1312.29; 0.947011 -0.0271969 -0.320048 -516.895; 0 0 0 1],[ -0.340063 0.059427 -0.938523 500.08; -0.00742342 0.997801 0.0658702 1467.66; 0.940373 0.0293671 -0.338874 -597.009; 0 0 0 1],7.25593,7.22753,2.55445
KINEMATIC,5931656,470.027,0.966667,[ -0.0914707 0.231966 -0.968414 4.79204; -0.0555535 0.969787 0.237542 1.7253; 0.994257 0.0755269 -0.0758206 -4.56402; 0 0 0 1],[ -0.0624312 0.23407 -0.970213 4.79054; -0.0555535 0.969787 0.237542 1.72658; 0.996502 0.0687288 -0.0475415 -4.56686; 0 0 0 1],,[ -0.339769 -0.0100124 -0.940456 774.948; 0.0227123 0.999564 -0.0188472 1312.2; 0.940235 -0.0277636 -0.339394 -515.822; 0 0 0 1],[ -0.357907 0.0554542 -0.932109 501.623; -0.00730462 0.998038 0.0621813 1467.32; 0.933729 0.0290638 -0.3568 -601.137; 0 0 0 1],7.27916,7.24999,2.55591
KINEMATIC,5931657,470.044,0.966667,[ -0.119675 0.230535 -0.965677 4.79269; -0.0522545 0.969856 0.238009 1.72539; 0.991437 0.0789448 -0.104021 -4.56261; 0 0 0 1],[ -0.0898633 0.232801 -0.968364 4.79122; -0.0522545 0.969856 0.238009 1.72667; 0.994582 0.0719897 -0.0749896 -4.56547; 0 0 0 1],,[ -0.357021 -0.0118883 -0.934021 774.955; 0.0224924 0.99952 -0.0213194 1312.21; 0.933826 -0.0286198 -0.356582 -514.424; 0 0 0 1],[ -0.377856 0.054553 -0.924256 503.163; -0.00627955 0.998089 0.0614781 1466.96; 0.925843 0.0290338 -0.376791 -605.23; 0 0 0 1],7.30458,7.27456,2.55747
KINEMATIC,5931658,470.061,0.966667,[ -0.150745 0.228502 -0.961802 4.79298; -0.0485203 0.970037 0.238063 1.72563; 0.987381 0.0825537 -0.135141 -4.56075; 0 0 0 1],[ -0.120108 0.230948 -0.965525 4.79158; -0.0485203 0.970037 0.238063 1.7269; 0.991575 0.0754408 -0.105304 -4.56362; 0 0 0 1],,[ -0.375149 -0.0128844 -0.926875 774.819; 0.0220821 0.999495 -0.0228315 1312.33; 0.926701 -0.0290326 -0.374675 -513.113; 0 0 0 1],[ -0.396198 0.053441 -0.916608 504.768; -0.00802607 0.998065 0.0616593 1466.65; 0.91813 0.0317861 -0.395003 -609.437; 0 0 0 1],7.33279,7.30183,2.55937
KINEMATIC,5931659,470.078,0.966667,[ -0.187939 0.226355 -0.955742 4.79297; -0.0426266 0.970285 0.238181 1.72577; 0.981255 0.0855034 -0.172706 -4.5585; 0 0 0 1],[ -0.156411 0.228977 -0.960784 4.79164; -0.0426266 0.970285 0.238181 1.72705; 0.986772 0.078209 -0.142003 -4.56137; 0 0 0 1],,[ -0.393959 -0.0154309 -0.918999 774.57; 0.0224039 0.999401 -0.0263851 1312.47; 0.918855 -0.0309838 -0.393377 -511.736; 0 0 0 1],[ -0.412227 0.0526727 -0.909558 506.255; -0.0100323 0.998004 0.0623415 1466.26; 0.911026 0.0348238 -0.410876 -613.885; 0 0 0 1],7.36512,7.33308,2.56162
KINEMATIC,5931660,470.093,0.966667,[ -0.228687 0.224898 -0.947166 4.79283; -0.0356312 0.970363 0.239009 1.72583; 0.972848 0.0884066 -0.213896 -4.55582; 0 0 0 1],[ -0.19622 0.227712 -0.953753 4.79159; -0.0356312 0.970363 0.239009 1.72711; 0.979913 0.0808817 -0.182292 -4.55869; 0 0 0 1],,[ -0.411845 -0.0193953 -0.911048 774.168; 0.0212893 0.999296 -0.030898 1312.54; 0.911005 -0.0321208 -0.411142 -510.367; 0 0 0 1],[ -0.43088 0.0516837 -0.900928 507.711; -0.0113475 0.997969 0.0626778 1465.85; 0.902338 0.0372299 -0.429419 -618.121; 0 0 0 1],7.40144,7.3682,2.5643
KINEMATIC,5931661,470.111,0.966667,[ -0.273368 0.223455 -0.935595 4.79232; -0.027713 0.97041 0.239868 1.72604; 0.961511 0.0914999 -0.259086 -4.55306; 0 0 0 1],[ -0.239935 0.226487 -0.944 4.79117; -0.027713 0.97041 0.239868 1.72732; 0.970394 0.0837135 -0.226559 -4.55591; 0 0 0 1],,[ -0.431106 -0.0223115 -0.902026 773.638; 0.0195398 0.999229 -0.0340545 1312.7; 0.90209 -0.0323065 -0.430337 -509.05; 0 0 0 1],[ -0.450214 0.0472981 -0.891667 509.276; -0.0116347 0.998201 0.0588236 1465.53; 0.892845 0.0368575 -0.448854 -622.261; 0 0 0 1],7.44221,7.4076,2.56712
KINEMATIC,5931662,470.127,0.966667,[ -0.316872 0.221724 -0.922189 4.79141; -0.021072 0.970406 0.240557 1.72609; 0.948235 0.095658 -0.302823 -4.5495; 0 0 0 1],[ -0.282509 0.225026 -0.932499 4.79039; -0.021072 0.970406 0.240557 1.72737; 0.959034 0.087609 -0.269407 -4.55233; 0 0 0 1],,[ -0.451197 -0.0233133 -0.89212 772.996; 0.0187778 0.999189 -0.0356083 1312.96; 0.892227 -0.0328184 -0.450393 -507.735; 0 0 0 1],[ -0.469589 0.0418523 -0.881892 510.918; -0.0113099 0.998509 0.0534089 1465.27; 0.882812 0.0350544 -0.468416 -626.28; 0 0 0 1],7.48488,7.44885,2.57079
KINEMATIC,5931663,470.144,0.966667,[ -0.360697 0.218696 -0.906681 4.79035; -0.0154458 0.970587 0.240255 1.72598; 0.932555 0.100663 -0.34671 -4.54588; 0 0 0 1],[ -0.325476 0.222317 -0.919044 4.78946; -0.0154458 0.970587 0.240255 1.72726; 0.945425 0.0923923 -0.312469 -4.54866; 0 0 0 1],,[ -0.469785 -0.0234114 -0.88247 772.282; 0.0188171 0.999156 -0.0365243 1313.26; 0.88258 -0.0337641 -0.468948 -506.199; 0 0 0 1],[ -0.487635 0.0411488 -0.872077 512.54; -0.0104818 0.998541 0.052977 1464.67; 0.872985 0.0349744 -0.486492 -630.444; 0 0 0 1],7.52916,7.49165,2.57457
KINEMATIC,5931664,470.162,0.966667,[ -0.407139 0.213688 -0.888018 4.78899; -0.00973004 0.971177 0.23816 1.72624; 0.913315 0.105604 -0.393325 -4.54229; 0 0 0 1],[ -0.371118 0.217654 -0.902718 4.78825; -0.00973004 0.971177 0.23816 1.72752; 0.928536 0.0971686 -0.358303 -4.54503; 0 0 0 1],,[ -0.489007 -0.0235224 -0.871963 771.498; 0.0189645 0.999113 -0.037588 1313.57; 0.872074 -0.0349172 -0.488127 -504.495; 0 0 0 1],[ -0.505422 0.0389693 -0.861992 514.209; -0.0114017 0.998591 0.05183 1464.17; 0.862797 0.0360242 -0.504266 -634.674; 0 0 0 1],7.57728,7.53817,2.57841
KINEMATIC,5931665,470.178,0.966667,[ -0.454125 0.209086 -0.866058 4.78727; -0.00283939 0.971728 0.236086 1.72615; 0.890935 0.109671 -0.440692 -4.53799; 0 0 0 1],[ -0.417474 0.213378 -0.883283 4.7867; -0.00283939 0.971728 0.236086 1.72743; 0.908686 0.101067 -0.405065 -4.54066; 0 0 0 1],,[ -0.509392 -0.025121 -0.860168 770.468; 0.0187756 0.999011 -0.0402949 1313.59; 0.86033 -0.0366761 -0.508417 -502.705; 0 0 0 1],[ -0.535533 0.04506 -0.843311 515.31; -0.00219021 0.998498 0.0547428 1463.51; 0.844512 0.0311636 -0.53463 -638.085; 0 0 0 1],7.62578,7.58505,2.58305
KINEMATIC,5931666,470.196,0.966667,[ -0.499769 0.205266 -0.841487 4.78567; 0.00454132 0.972121 0.234435 1.72598; 0.866149 0.113341 -0.486769 -4.5337; 0 0 0 1],[ -0.462603 0.209886 -0.861366 4.78529; 0.00454132 0.972121 0.234435 1.72726; 0.886556 0.104538 -0.45066 -4.5363; 0 0 0 1],,[ -0.529429 -0.0263015 -0.847947 769.24; 0.0191511 0.998894 -0.0429408 1313.58; 0.848138 -0.0389732 -0.528339 -500.586; 0 0 0 1],[ -0.559322 0.0507488 -0.827395 516.667; 0.00364321 0.998265 0.0587664 1462.82; 0.828942 0.029855 -0.558537 -642.032; 0 0 0 1],7.67611,7.63371,2.58763
KINEMATIC,5931667,470.213,0.966667,[ -0.544235 0.201363 -0.814411 4.78335; 0.0114286 0.972457 0.232803 1.7261; 0.838857 0.117391 -0.531547 -4.52922; 0 0 0 1],[ -0.506717 0.206344 -0.837057 4.78317; 0.0114286 0.972457 0.232803 1.72738; 0.862039 0.108398 -0.495119 -4.53173; 0 0 0 1],,[ -0.548721 -0.0264738 -0.835586 767.875; 0.0223666 0.998676 -0.0463289 1313.66; 0.835707 -0.0441109 -0.547402 -498.298; 0 0 0 1],[ -0.579346 0.0499 -0.813553 518.619; 0.00415448 0.998292 0.0582726 1462.32; 0.815071 0.0303801 -0.578563 -646.136; 0 0 0 1],7.72726,7.68315,2.59268
KINEMATIC,5931668,470.229,0.966667,[ -0.587846 0.196345 -0.784788 4.78076; 0.0162466 0.972769 0.231206 1.72611; 0.808814 0.123162 -0.575028 -4.52468; 0 0 0 1],[ -0.550156 0.201784 -0.81032 4.78078; 0.0162466 0.972769 0.231206 1.72738; 0.834908 0.114033 -0.538453 -4.52707; 0 0 0 1],,[ -0.567137 -0.0248014 -0.82325 766.318; 0.0254563 0.998541 -0.0476191 1313.78; 0.82323 -0.0479634 -0.565678 -495.864; 0 0 0 1],[ -0.595441 0.0477707 -0.801978 520.953; 0.00306003 0.998358 0.0571964 1461.81; 0.803393 0.031603 -0.594609 -650.634; 0 0 0 1],7.77951,7.73366,2.5979
KINEMATIC,5931669,470.247,0.966667,[ -0.630978 0.19007 -0.752161 4.77817; 0.0203612 0.973247 0.228858 1.72613; 0.775537 0.129088 -0.617968 -4.52031; 0 0 0 1],[ -0.593338 0.196001 -0.780731 4.77841; 0.0203612 0.973247 0.228858 1.72741; 0.8047 0.119892 -0.581455 -4.52258; 0 0 0 1],,[ -0.588341 -0.0289407 -0.808095 764.364; 0.0212403 0.998461 -0.0512226 1313.34; 0.808334 -0.0473005 -0.586821 -493.357; 0 0 0 1],[ -0.610213 0.0372055 -0.791363 523.892; -0.00204173 0.998819 0.0485333 1461.59; 0.792235 0.0312314 -0.609416 -655.119; 0 0 0 1],7.83291,7.78528,2.60298
KINEMATIC,5931670,470.262,0.966667,[ -0.673247 0.183107 -0.716392 4.77501; 0.0250437 0.973944 0.225401 1.72626; 0.738998 0.133808 -0.660291 -4.51571; 0 0 0 1],[ -0.635912 0.189494 -0.748142 4.77548; 0.0250437 0.973944 0.225401 1.72754; 0.77136 0.124597 -0.624088 -4.51784; 0 0 0 1],,[ -0.610277 -0.028744 -0.791667 762.636; 0.0231658 0.998267 -0.0541033 1313.37; 0.79185 -0.0513576 -0.608553 -491.149; 0 0 0 1],[ -0.629035 0.0287525 -0.776845 526.782; -0.00468797 0.999157 0.0407766 1461.2; 0.777363 0.0292918 -0.62837 -659.369; 0 0 0 1],7.88688,7.83745,2.60856
KINEMATIC,5931671,470.28,0.966667,[ -0.713111 0.176191 -0.67855 4.77166; 0.030223 0.97473 0.221334 1.72698; 0.7004 0.137328 -0.700415 -4.51156; 0 0 0 1],[ -0.676297 0.182994 -0.713537 4.77234; 0.030223 0.97473 0.221334 1.72826; 0.736009 0.128122 -0.664738 -4.51352; 0 0 0 1],,[ -0.632631 -0.0255582 -0.774032 760.858; 0.0227193 0.998413 -0.0515361 1313.76; 0.77412 -0.0501888 -0.631046 -488.775; 0 0 0 1],[ -0.649015 0.0248398 -0.76037 529.491; -0.00507131 0.999303 0.0369739 1460.67; 0.760759 0.0278527 -0.648437 -663.572; 0 0 0 1],7.94139,7.89014,2.61395
KINEMATIC,5931672,470.296,0.966667,[ -0.75028 0.169175 -0.639109 4.76796; 0.0351155 0.975539 0.217006 1.727; 0.660187 0.140372 -0.737868 -4.50567; 0 0 0 1],[ -0.714206 0.176383 -0.677348 4.76896; 0.0351155 0.975539 0.217006 1.72828; 0.699055 0.131201 -0.702929 -4.50743; 0 0 0 1],,[ -0.654474 -0.0255865 -0.755651 758.838; 0.0212663 0.998409 -0.0522252 1313.91; 0.755785 -0.05025 -0.652889 -486.293; 0 0 0 1],[ -0.668058 0.0243914 -0.743709 532.301; -0.00466477 0.999306 0.0369645 1460.02; 0.744094 0.0281636 -0.667481 -667.829; 0 0 0 1],7.99602,7.94295,2.62091
KINEMATIC,5931673,470.312,0.966667,[ -0.785886 0.160854 -0.597084 4.7641; 0.038411 0.976409 0.212487 1.7273; 0.617178 0.144056 -0.773524 -4.5013; 0 0 0 1],[ -0.750831 0.168518 -0.638635 4.76535; 0.038411 0.976409 0.212487 1.72858; 0.659376 0.135011 -0.739591 -4.50286; 0 0 0 1],,[ -0.677123 -0.0260104 -0.73541 756.674; 0.0187474 0.998441 -0.052575 1314.01; 0.735631 -0.0493868 -0.67558 -483.818; 0 0 0 1],[ -0.686796 0.0244847 -0.726438 535.143; -0.00454601 0.999268 0.0379784 1459.37; 0.726836 0.0293858 -0.686182 -672.017; 0 0 0 1],8.0512,7.99629,2.62674
KINEMATIC,5931674,470.329,0.966667,[ -0.819935 0.151691 -0.551992 4.7599; 0.0411488 0.977376 0.207467 1.72764; 0.570975 0.147396 -0.807627 -4.49714; 0 0 0 1],[ -0.786207 0.159812 -0.59694 4.7614; 0.0411488 0.977376 0.207467 1.72891; 0.616591 0.138549 -0.774997 -4.49847; 0 0 0 1],,[ -0.698229 -0.0272424 -0.715356 754.454; 0.018261 0.998273 -0.0558404 1314.07; 0.715642 -0.0520525 -0.696525 -481.321; 0 0 0 1],[ -0.708043 0.0212787 -0.705849 538.221; -0.00383157 0.999415 0.0339721 1459.05; 0.706159 0.0267582 -0.707547 -675.767; 0 0 0 1],8.10759,8.05081,2.63267
KINEMATIC,5931675,470.347,0.966667,[ -0.852813 0.142086 -0.502517 4.75538; 0.0432185 0.978176 0.203232 1.72806; 0.520426 0.151601 -0.840342 -4.49304; 0 0 0 1],[ -0.820808 0.150736 -0.550957 4.75712; 0.0432185 0.978176 0.203232 1.72934; 0.569568 0.143003 -0.809409 -4.49411; 0 0 0 1],,[ -0.718518 -0.0272032 -0.694976 752.155; 0.0177794 0.99819 -0.0574534 1314.23; 0.695281 -0.0536376 -0.716734 -478.784; 0 0 0 1],[ -0.732063 0.0183856 -0.680989 541.439; -0.00136177 0.999594 0.0284513 1458.89; 0.681236 0.0217555 -0.731741 -679.15; 0 0 0 1],8.16522,8.10651,2.63879
