KINEMATIC,733004,274.464,0.966667,[ 0.216939 0.539115 -0.813816 4.66984; 0.0686532 0.823179 0.563618 1.59539; 0.973769 -0.17814 0.141568 -4.14312; 0 0 0 1],[ 0.216939 0.539115 -0.813816 4.6714; 0.0686532 0.823179 0.563618 1.59791; 0.973769 -0.17814 0.141568 -4.14167; 0 0 0 1],,[ 0.234323 0.129618 -0.963479 640.261; 0.101865 0.982342 0.15693 1183.2; 0.966807 -0.134917 0.216982 -122.258; 0 0 0 1],[ 0.288446 -0.0633942 -0.955395 443.427; 0.100847 0.994267 -0.0355267 1391.86; 0.952171 -0.086101 0.293185 -74.2833; 0 0 0 1],19.0119,19.0119,5.51223
KINEMATIC,733005,274.48,0.966667,[ 0.215024 0.516996 -0.828541 4.70113; 0.0680742 0.838388 0.540807 1.60448; 0.974233 -0.172688 0.145079 -4.13794; 0 0 0 1],[ 0.215003 0.517 -0.828544 4.70269; 0.0680742 0.838388 0.540807 1.60699; 0.974238 -0.172677 0.145062 -4.13649; 0 0 0 1],,[ 0.236837 0.128666 -0.962992 650.276; 0.100414 0.982642 0.155987 1184.71; 0.966346 -0.133641 0.219806 -121.289; 0 0 0 1],[ 0.287453 -0.0665561 -0.955479 453.506; 0.0977238 0.994415 -0.0398683 1392.97; 0.952796 -0.0819128 0.292352 -72.6984; 0 0 0 1],19.0125,19.0125,5.54522
KINEMATIC,733006,274.497,0.966667,[ 0.211873 0.47889 -0.851924 4.71082; 0.0679664 0.862383 0.501673 1.60755; 0.974931 -0.164193 0.150167 -4.13659; 0 0 0 1],[ 0.211854 0.478894 -0.851927 4.71239; 0.0679664 0.862383 0.501673 1.61007; 0.974935 -0.164184 0.150151 -4.13515; 0 0 0 1],,[ 0.23761 0.124194 -0.963389 659.765; 0.0975708 0.983725 0.15088 1185.7; 0.966448 -0.129849 0.221625 -120.473; 0 0 0 1],[ 0.286656 -0.0724991 -0.955286 463.134; 0.098267 0.994098 -0.0459573 1394.09; 0.952981 -0.0806992 0.292089 -71.4083; 0 0 0 1],19.0126,19.0126,5.55548
KINEMATIC,733007,274.515,0.966667,[ 0.210275 0.465538 -0.859686 4.72025; 0.0685743 0.870156 0.487981 1.61061; 0.975234 -0.161562 0.151048 -4.13553; 0 0 0 1],[ 0.210264 0.46554 -0.859687 4.72181; 0.0685743 0.870156 0.487981 1.61312; 0.975237 -0.161557 0.151039 -4.13408; 0 0 0 1],,[ 0.237799 0.124688 -0.963278 668.842; 0.0965552 0.98378 0.151178 1186.67; 0.966503 -0.128959 0.221902 -119.767; 0 0 0 1],[ 0.285134 -0.0736516 -0.955654 472.304; 0.0996338 0.993919 -0.0468734 1395.23; 0.953295 -0.0818502 0.290739 -70.3926; 0 0 0 1],19.0128,19.0128,5.56544
KINEMATIC,733008,274.532,0.966667,[ 0.209566 0.457187 -0.864328 4.72922; 0.0692246 0.874801 0.479512 1.6138; 0.975341 -0.160322 0.15168 -4.13467; 0 0 0 1],[ 0.20956 0.457188 -0.864329 4.73078; 0.0692246 0.874801 0.479512 1.61631; 0.975343 -0.160319 0.151675 -4.13322; 0 0 0 1],,[ 0.2386 0.127009 -0.962776 677.506; 0.0966844 0.983378 0.153688 1187.62; 0.966293 -0.129756 0.222355 -119.107; 0 0 0 1],[ 0.284518 -0.070075 -0.956106 481.127; 0.0988513 0.994153 -0.0434473 1396.54; 0.953561 -0.0821507 0.289782 -69.6068; 0 0 0 1],19.013,19.0129,5.575
KINEMATIC,733009,274.548,0.966667,[ 0.21017 0.452337 -0.86673 4.73764; 0.069838 0.87732 0.474798 1.61657; 0.975168 -0.160318 0.152796 -4.134; 0 0 0 1],[ 0.210151 0.45234 -0.866733 4.7392; 0.069838 0.87732 0.474798 1.61909; 0.975172 -0.16031 0.15278 -4.13255; 0 0 0 1],,[ 0.236861 0.128396 -0.963022 685.482; 0.0948183 0.983442 0.15444 1188.5; 0.966906 -0.127893 0.220765 -118.567; 0 0 0 1],[ 0.286078 -0.0626676 -0.956155 489.544; 0.0992899 0.994426 -0.0354688 1398; 0.953048 -0.0847896 0.290706 -69.148; 0 0 0 1],19.0134,19.0133,5.5839
KINEMATIC,733010,274.567,0.966667,[ 0.21096 0.449245 -0.868145 4.74555; 0.0695831 0.878978 0.471759 1.61913; 0.975015 -0.15993 0.15417 -4.13357; 0 0 0 1],[ 0.210919 0.449251 -0.868152 4.74711; 0.0695831 0.878978 0.471759 1.62165; 0.975024 -0.159911 0.154133 -4.13212; 0 0 0 1],,[ 0.236215 0.132729 -0.962593 692.965; 0.093969 0.982864 0.158584 1189.65; 0.967146 -0.127914 0.219695 -118.181; 0 0 0 1],[ 0.287336 -0.0559947 -0.956192 497.686; 0.100049 0.994583 -0.0281781 1399.56; 0.95259 -0.0875697 0.291382 -68.7299; 0 0 0 1],19.0141,19.014,5.59222
KINEMATIC,733011,274.582,0.966667,[ 0.211815 0.446802 -0.869197 4.75303; 0.0687059 0.880369 0.469288 1.62144; 0.974892 -0.159121 0.155778 -4.13337; 0 0 0 1],[ 0.211747 0.446814 -0.869208 4.75459; 0.0687059 0.880369 0.469288 1.62396; 0.974907 -0.15909 0.155717 -4.13192; 0 0 0 1],,[ 0.23715 0.138927 -0.961488 700.007; 0.0936941 0.981837 0.164977 1190.98; 0.966944 -0.12921 0.219826 -117.992; 0 0 0 1],[ 0.288856 -0.0518517 -0.955967 505.373; 0.0995598 0.994745 -0.0238719 1401.06; 0.952182 -0.0882804 0.292501 -68.6325; 0 0 0 1],19.0149,19.0148,5.60005
KINEMATIC,733012,274.599,0.966667,[ 0.212905 0.443431 -0.870655 4.76018; 0.0671407 0.882339 0.4658 1.62375; 0.974763 -0.157627 0.158083 -4.13339; 0 0 0 1],[ 0.212802 0.443448 -0.870672 4.76174; 0.0671407 0.882339 0.4658 1.62626; 0.974786 -0.157581 0.157991 -4.13194; 0 0 0 1],,[ 0.239989 0.146371 -0.959677 706.613; 0.0931181 0.980538 0.172839 1192.32; 0.966299 -0.130843 0.221689 -118.044; 0 0 0 1],[ 0.291469 -0.051621 -0.955186 512.865; 0.0979681 0.994903 -0.023873 1402.47; 0.95155 -0.0866195 0.295041 -68.7094; 0 0 0 1],19.016,19.0158,5.60756
KINEMATIC,733013,274.616,0.966667,[ 0.214125 0.438348 -0.872927 4.76691; 0.0654803 0.885203 0.460574 1.62604; 0.974609 -0.15578 0.160841 -4.13377; 0 0 0 1],[ 0.213978 0.438371 -0.872951 4.76847; 0.0654803 0.885203 0.460574 1.62856; 0.974641 -0.155714 0.160709 -4.13232; 0 0 0 1],,[ 0.245389 0.154563 -0.957024 712.937; 0.0925923 0.978958 0.181847 1193.63; 0.964993 -0.133236 0.225914 -118.335; 0 0 0 1],[ 0.292196 -0.054156 -0.954824 520.039; 0.0981215 0.994824 -0.0263976 1403.87; 0.951312 -0.0859755 0.295998 -68.8728; 0 0 0 1],19.0173,19.0171,5.61468
KINEMATIC,733014,274.633,0.966667,[ 0.216203 0.430985 -0.876076 4.77348; 0.0636672 0.889165 0.453137 1.62813; 0.97427 -0.153746 0.1648 -4.13418; 0 0 0 1],[ 0.215992 0.431019 -0.876111 4.77504; 0.0636672 0.889165 0.453137 1.63065; 0.974317 -0.153653 0.164611 -4.13273; 0 0 0 1],,[ 0.251692 0.162195 -0.95412 719.141; 0.0915687 0.977443 0.190315 1194.8; 0.963466 -0.135268 0.231162 -118.895; 0 0 0 1],[ 0.29485 -0.056545 -0.953869 527.092; 0.0973301 0.994833 -0.0288877 1405.07; 0.950574 -0.0843227 0.298829 -69.2465; 0 0 0 1],19.0193,19.019,5.62159
KINEMATIC,733015,274.648,0.966667,[ 0.218047 0.422892 -0.879555 4.77988; 0.0619933 0.893419 0.444927 1.63026; 0.973967 -0.151542 0.168591 -4.13489; 0 0 0 1],[ 0.217767 0.422936 -0.879604 4.78144; 0.0619933 0.893419 0.444927 1.63277; 0.97403 -0.15142 0.168338 -4.13343; 0 0 0 1],,[ 0.257781 0.165975 -0.951841 725.561; 0.091943 0.976451 0.195167 1195.99; 0.961819 -0.137825 0.23645 -119.648; 0 0 0 1],[ 0.295845 -0.0562414 -0.953579 534.015; 0.0979782 0.994787 -0.0282743 1406.08; 0.950198 -0.0850651 0.299813 -69.6397; 0 0 0 1],19.0214,19.0211,5.62837
KINEMATIC,733016,274.665,0.966667,[ 0.220946 0.415061 -0.882557 4.78609; 0.0601018 0.897407 0.437091 1.63228; 0.973432 -0.149617 0.173333 -4.1357; 0 0 0 1],[ 0.220577 0.415118 -0.882622 4.78765; 0.0601018 0.897407 0.437091 1.63479; 0.973516 -0.14946 0.172998 -4.13424; 0 0 0 1],,[ 0.262712 0.164211 -0.950798 732.251; 0.0916545 0.976708 0.19401 1197.03; 0.960511 -0.138114 0.241542 -120.566; 0 0 0 1],[ 0.297144 -0.0568809 -0.953137 540.848; 0.0988015 0.994697 -0.0285593 1407.05; 0.949707 -0.0856851 0.301188 -70.2987; 0 0 0 1],19.0242,19.0238,5.63495
KINEMATIC,733017,274.684,0.966667,[ 0.224274 0.406889 -0.885517 4.79224; 0.0589008 0.901344 0.429079 1.63427; 0.972744 -0.14839 0.178182 -4.13673; 0 0 0 1],[ 0.223799 0.406961 -0.885604 4.79381; 0.0589008 0.901344 0.429079 1.63678; 0.972854 -0.148191 0.177749 -4.13528; 0 0 0 1],,[ 0.264538 0.161442 -0.950766 739.017; 0.0912289 0.977278 0.191326 1197.89; 0.960051 -0.13735 0.243799 -121.625; 0 0 0 1],[ 0.298528 -0.0562651 -0.952741 547.702; 0.098812 0.994718 -0.0277827 1407.86; 0.949272 -0.0858483 0.302511 -71.0206; 0 0 0 1],19.0274,19.0269,5.6415
KINEMATIC,733018,274.699,0.966667,[ 0.227967 0.39908 -0.888124 4.79824; 0.0577208 0.904999 0.421478 1.6361; 0.971956 -0.147347 0.183274 -4.13797; 0 0 0 1],[ 0.227372 0.39917 -0.888236 4.7998; 0.0577208 0.904999 0.421478 1.63862; 0.972095 -0.147103 0.18273 -4.13651; 0 0 0 1],,[ 0.264382 0.160721 -0.950932 745.746; 0.0911986 0.977431 0.190555 1198.43; 0.960096 -0.137103 0.243758 -122.714; 0 0 0 1],[ 0.299366 -0.0553759 -0.95253 554.58; 0.0984986 0.994774 -0.0268751 1408.53; 0.949041 -0.0857774 0.303256 -71.8966; 0 0 0 1],19.0312,19.0305,5.64789
KINEMATIC,733019,274.716,0.966667,[ 0.232111 0.391143 -0.890578 4.80422; 0.0566988 0.908586 0.41383 1.63787; 0.971035 -0.14655 0.188714 -4.13927; 0 0 0 1],[ 0.231379 0.391253 -0.89072 4.80579; 0.0566988 0.908586 0.41383 1.64038; 0.971209 -0.146256 0.188044 -4.1378; 0 0 0 1],,[ 0.263099 0.162739 -0.950944 752.407; 0.0908188 0.977116 0.192345 1198.85; 0.960485 -0.136969 0.242299 -123.851; 0 0 0 1],[ 0.302216 -0.0561923 -0.951582 561.189; 0.0978578 0.994816 -0.0276663 1409.13; 0.948203 -0.0847585 0.306148 -73.1102; 0 0 0 1],19.0354,19.0346,5.65426
KINEMATIC,733020,274.734,0.966667,[ 0.236591 0.384189 -0.892426 4.81; 0.0560884 0.91157 0.4073 1.63947; 0.969989 -0.146418 0.19412 -4.14069; 0 0 0 1],[ 0.235713 0.384321 -0.892601 4.81157; 0.0560884 0.91157 0.4073 1.64199; 0.970203 -0.14607 0.193313 -4.13922; 0 0 0 1],,[ 0.263204 0.163371 -0.950807 759.084; 0.0920054 0.976815 0.193309 1199.27; 0.960343 -0.138359 0.24207 -125.081; 0 0 0 1],[ 0.301636 -0.0569734 -0.951719 567.851; 0.0984309 0.99474 -0.0283523 1409.75; 0.948329 -0.0851265 0.305657 -74.4219; 0 0 0 1],19.0399,19.039,5.66043
KINEMATIC,733021,274.75,0.966667,[ 0.241375 0.377095 -0.894168 4.81584; 0.0554441 0.914549 0.400657 1.64105; 0.968847 -0.146285 0.199841 -4.14227; 0 0 0 1],[ 0.240341 0.377251 -0.894381 4.81741; 0.0554441 0.914549 0.400657 1.64356; 0.969104 -0.145883 0.198887 -4.14079; 0 0 0 1],,[ 0.261438 0.162891 -0.951376 765.635; 0.0916353 0.977017 0.192462 1199.67; 0.960861 -0.137497 0.240503 -126.359; 0 0 0 1],[ 0.301345 -0.0562871 -0.951852 574.251; 0.0979388 0.994803 -0.0278208 1410.3; 0.948472 -0.0848396 0.305291 -76.1303; 0 0 0 1],19.0448,19.0437,5.66668
KINEMATIC,733022,274.767,0.966667,[ 0.245256 0.37018 -0.895999 4.82152; 0.0538507 0.917598 0.393844 1.64256; 0.967961 -0.144843 0.205112 -4.14397; 0 0 0 1],[ 0.244073 0.370357 -0.896249 4.82309; 0.0538507 0.917598 0.393844 1.64508; 0.96826 -0.144391 0.204017 -4.14248; 0 0 0 1],,[ 0.259394 0.160847 -0.952283 772.044; 0.0907471 0.977612 0.189844 1200.2; 0.961499 -0.135661 0.238991 -127.905; 0 0 0 1],[ 0.298273 -0.0543441 -0.952932 580.484; 0.0991863 0.994737 -0.0256823 1410.78; 0.949313 -0.0868575 0.302093 -77.9863; 0 0 0 1],19.0494,19.0482,5.67279
KINEMATIC,733023,274.786,0.966667,[ 0.247362 0.364277 -0.897838 4.82725; 0.0518688 0.920328 0.387692 1.64405; 0.967533 -0.142471 0.208759 -4.14583; 0 0 0 1],[ 0.246062 0.364468 -0.898118 4.82882; 0.0518688 0.920328 0.387692 1.64656; 0.967865 -0.141981 0.207553 -4.14434; 0 0 0 1],,[ 0.257319 0.157632 -0.953383 778.462; 0.091239 0.978235 0.186367 1200.82; 0.96201 -0.134941 0.237336 -129.593; 0 0 0 1],[ 0.295438 -0.0538211 -0.953845 586.498; 0.0994057 0.994724 -0.0253384 1411.44; 0.950176 -0.0873316 0.29923 -80.2357; 0 0 0 1],19.0531,19.0517,5.679
KINEMATIC,733024,274.8,0.966667,[ 0.248062 0.359632 -0.899516 4.83272; 0.0500025 0.922547 0.38263 1.64553; 0.967453 -0.139894 0.210866 -4.14784; 0 0 0 1],[ 0.246682 0.359831 -0.899816 4.83429; 0.0500025 0.922547 0.38263 1.64805; 0.967806 -0.139381 0.209583 -4.14634; 0 0 0 1],,[ 0.253174 0.15571 -0.954808 784.695; 0.0902769 0.978853 0.183568 1201.46; 0.963199 -0.132672 0.233763 -131.452; 0 0 0 1],[ 0.292707 -0.0520176 -0.954786 592.306; 0.0991931 0.994784 -0.0237873 1411.96; 0.951043 -0.0877455 0.29634 -82.6272; 0 0 0 1],19.0556,19.0541,5.68501
KINEMATIC,733025,274.817,0.966667,[ 0.247267 0.3556 -0.901336 4.83822; 0.0496222 0.924354 0.378294 1.64679; 0.967676 -0.138266 0.210917 -4.14984; 0 0 0 1],[ 0.245851 0.355802 -0.901644 4.8398; 0.0496222 0.924354 0.378294 1.64931; 0.968037 -0.137746 0.209597 -4.14833; 0 0 0 1],,[ 0.247164 0.15396 -0.956664 790.74; 0.0900102 0.979379 0.180871 1202.08; 0.964784 -0.130814 0.228209 -133.317; 0 0 0 1],[ 0.288574 -0.0511993 -0.956088 597.862; 0.100396 0.994683 -0.0229639 1412.46; 0.952179 -0.0893603 0.29218 -85.1063; 0 0 0 1],19.0567,19.0552,5.691
KINEMATIC,733026,274.834,0.966667,[ 0.244959 0.354012 -0.902591 4.84365; 0.0504203 0.925042 0.376502 1.64785; 0.968221 -0.137737 0.208748 -4.15205; 0 0 0 1],[ 0.243555 0.354212 -0.902892 4.84523; 0.0504203 0.925042 0.376502 1.65036; 0.968576 -0.137224 0.20744 -4.15053; 0 0 0 1],,[ 0.240708 0.153546 -0.958375 796.634; 0.0894428 0.979697 0.179427 1202.81; 0.966468 -0.128909 0.222087 -135.171; 0 0 0 1],[ 0.283104 -0.0494464 -0.957814 603.08; 0.102343 0.994526 -0.0210917 1412.99; 0.953613 -0.0920544 0.286615 -88.024; 0 0 0 1],19.0571,19.0556,5.69696
KINEMATIC,733027,274.851,0.966667,[ 0.241109 0.353632 -0.903776 4.84907; 0.0518668 0.925223 0.375861 1.64861; 0.969111 -0.1375 0.204738 -4.15434; 0 0 0 1],[ 0.239769 0.353822 -0.904058 4.85065; 0.0518668 0.925223 0.375861 1.65112; 0.969444 -0.13701 0.203488 -4.15281; 0 0 0 1],,[ 0.233157 0.151302 -0.960596 802.481; 0.0900325 0.98022 0.176246 1203.51; 0.968262 -0.127578 0.214923 -137.008; 0 0 0 1],[ 0.2773 -0.0486524 -0.959551 608.011; 0.10206 0.994558 -0.0209331 1413.41; 0.955347 -0.0921275 0.280756 -91.3098; 0 0 0 1],19.0591,19.0576,5.70289
KINEMATIC,733028,274.868,0.966667,[ 0.234522 0.356501 -0.904382 4.85419; 0.0525549 0.924318 0.377988 1.64936; 0.970689 -0.136176 0.198038 -4.15656; 0 0 0 1],[ 0.233317 0.35667 -0.904628 4.85578; 0.0525549 0.924318 0.377988 1.65188; 0.97098 -0.135733 0.196914 -4.15503; 0 0 0 1],,[ 0.22581 0.148406 -0.962801 808.376; 0.0914736 0.980731 0.172624 1204.23; 0.969867 -0.127051 0.207884 -138.826; 0 0 0 1],[ 0.269429 -0.0508028 -0.961679 612.702; 0.105822 0.994122 -0.0228691 1413.61; 0.957188 -0.0956049 0.273222 -94.8846; 0 0 0 1],19.0634,19.0617,5.70852
KINEMATIC,733029,274.885,0.966667,[ 0.223706 0.362196 -0.904859 4.85897; 0.0523532 0.922581 0.382234 1.64946; 0.97325 -0.13288 0.187425 -4.15837; 0 0 0 1],[ 0.222766 0.362325 -0.905039 4.86056; 0.0523532 0.922581 0.382234 1.65197; 0.973465 -0.13253 0.186551 -4.15683; 0 0 0 1],,[ 0.218583 0.142731 -0.965323 814.308; 0.0939403 0.981573 0.166405 1204.98; 0.971286 -0.127056 0.201147 -140.73; 0 0 0 1],[ 0.261298 -0.0552864 -0.963674 617.126; 0.108467 0.993717 -0.0275994 1413.6; 0.959145 -0.0973151 0.265653 -99.0559; 0 0 0 1],19.0717,19.0697,5.71364
KINEMATIC,733030,274.902,0.966667,[ 0.207797 0.367467 -0.906525 4.86389; 0.051857 0.921313 0.385348 1.64954; 0.976796 -0.127084 0.17239 -4.1604; 0 0 0 1],[ 0.207186 0.367547 -0.906633 4.86549; 0.051857 0.921313 0.385348 1.65206; 0.976926 -0.126854 0.171823 -4.15887; 0 0 0 1],,[ 0.207109 0.133051 -0.969228 820.219; 0.0957671 0.983194 0.155432 1205.66; 0.973619 -0.125012 0.190886 -142.941; 0 0 0 1],[ 0.249706 -0.0604201 -0.966435 621.321; 0.112679 0.993084 -0.0329724 1413.3; 0.961743 -0.100663 0.254787 -103.678; 0 0 0 1],19.0819,19.0795,5.71896
KINEMATIC,733031,274.917,0.966667,[ 0.187117 0.371331 -0.90945 4.86881; 0.051424 0.92083 0.386558 1.64948; 0.980991 -0.119099 0.153208 -4.16243; 0 0 0 1],[ 0.187036 0.371341 -0.909463 4.8704; 0.051424 0.92083 0.386558 1.65199; 0.981006 -0.119069 0.153132 -4.16089; 0 0 0 1],,[ 0.193609 0.124242 -0.97318 826.1; 0.0988734 0.984428 0.145348 1206.21; 0.976084 -0.124362 0.178309 -145.217; 0 0 0 1],[ 0.237109 -0.0712918 -0.968864 625.091; 0.114692 0.992383 -0.044954 1413.38; 0.964689 -0.100462 0.24348 -108.895; 0 0 0 1],19.0981,19.0953,5.72428
KINEMATIC,733032,274.934,0.966667,[ 0.160286 0.374345 -0.913331 4.87364; 0.0501522 0.921011 0.386295 1.64929; 0.985796 -0.107723 0.12885 -4.16423; 0 0 0 1],[ 0.160898 0.374279 -0.913251 4.87524; 0.0501522 0.921011 0.386295 1.6518; 0.985696 -0.107956 0.129418 -4.1627; 0 0 0 1],,[ 0.177698 0.115692 -0.977261 831.731; 0.100925 0.985687 0.135041 1206.4; 0.978896 -0.122627 0.163478 -147.51; 0 0 0 1],[ 0.222435 -0.0803655 -0.97163 628.943; 0.117468 0.991546 -0.0551208 1413.34; 0.967845 -0.101875 0.229995 -114.424; 0 0 0 1],19.1193,19.1157,5.72944
KINEMATIC,733033,274.951,0.966667,[ 0.126483 0.378373 -0.91697 4.87829; 0.0472314 0.921049 0.386571 1.64905; 0.990843 -0.092205 0.0986257 -4.16579; 0 0 0 1],[ 0.127982 0.378233 -0.91682 4.87988; 0.0472314 0.921049 0.386571 1.65157; 0.990651 -0.0927773 0.100013 -4.16426; 0 0 0 1],,[ 0.159139 0.113678 -0.98069 837.129; 0.105569 0.985694 0.131389 1206.54; 0.981596 -0.12444 0.144862 -149.715; 0 0 0 1],[ 0.208711 -0.0829765 -0.974451 632.445; 0.120415 0.990993 -0.0585942 1413.03; 0.970536 -0.105109 0.216823 -120.744; 0 0 0 1],19.146,19.1415,5.73435
KINEMATIC,733034,274.968,0.966667,[ 0.0929423 0.383288 -0.91894 4.8828; 0.0456695 0.920323 0.388483 1.64852; 0.994623 -0.0780747 0.0680321 -4.16718; 0 0 0 1],[ 0.0954361 0.383091 -0.918767 4.88439; 0.0456695 0.920323 0.388483 1.65103; 0.994387 -0.0790356 0.0703362 -4.16567; 0 0 0 1],,[ 0.142033 0.114341 -0.983236 842.383; 0.109455 0.985401 0.130404 1206.6; 0.983792 -0.126141 0.127444 -151.886; 0 0 0 1],[ 0.19163 -0.0803475 -0.978173 635.895; 0.123994 0.99064 -0.0570804 1412.37; 0.973603 -0.110349 0.199799 -127.483; 0 0 0 1],19.1759,19.1704,5.7391
KINEMATIC,733035,274.985,0.966667,[ 0.0603485 0.387951 -0.919702 4.887; 0.045384 0.919362 0.390786 1.64782; 0.997145 -0.0653231 0.0378753 -4.16837; 0 0 0 1],[ 0.063879 0.387717 -0.919563 4.88858; 0.045384 0.919362 0.390786 1.65034; 0.996925 -0.0666964 0.0411318 -4.16687; 0 0 0 1],,[ 0.124597 0.109229 -0.986177 847.56; 0.114151 0.985744 0.123603 1206.46; 0.985619 -0.127974 0.110352 -154.099; 0 0 0 1],[ 0.174457 -0.0848889 -0.980999 639.415; 0.126483 0.989955 -0.0631707 1411.74; 0.976507 -0.113059 0.183441 -134.694; 0 0 0 1],19.2069,19.2004,5.74352
KINEMATIC,733036,275.002,0.966667,[ 0.0280736 0.393429 -0.918926 4.89082; 0.0468029 0.917763 0.394361 1.64712; 0.99851 -0.0540795 0.00735126 -4.16955; 0 0 0 1],[ 0.0326653 0.393176 -0.918883 4.89239; 0.0468029 0.917763 0.394361 1.64963; 0.99837 -0.0558883 0.0115772 -4.16807; 0 0 0 1],,[ 0.10728 0.103098 -0.988869 852.768; 0.119091 0.986115 0.11573 1206.38; 0.987071 -0.130181 0.0935123 -156.422; 0 0 0 1],[ 0.152614 -0.0872773 -0.984425 642.851; 0.129581 0.989261 -0.0676173 1410.59; 0.979754 -0.117244 0.162284 -142.069; 0 0 0 1],19.2386,19.231,5.74758
KINEMATIC,733037,275.019,0.966667,[ -0.00236772 0.398001 -0.917382 4.89457; 0.0486374 0.916345 0.397425 1.64631; 0.998814 -0.0436782 -0.0215274 -4.17065; 0 0 0 1],[ 0.00326484 0.397748 -0.917489 4.89614; 0.0486374 0.916345 0.397425 1.64883; 0.998811 -0.045922 -0.0163538 -4.16918; 0 0 0 1],,[ 0.0864972 0.0968156 -0.991537 857.847; 0.124226 0.986451 0.107156 1206.3; 0.988477 -0.132443 0.0732983 -158.679; 0 0 0 1],[ 0.131294 -0.0891408 -0.987328 646.428; 0.131559 0.988707 -0.0717707 1409.39; 0.982575 -0.120469 0.141538 -149.718; 0 0 0 1],19.2698,19.2612,5.75157
KINEMATIC,733038,275.034,0.966667,[ -0.0310533 0.39925 -0.916316 4.89853; 0.0515389 0.916178 0.397443 1.64569; 0.998188 -0.0348841 -0.0490273 -4.17206; 0 0 0 1],[ -0.0244286 0.399009 -0.916621 4.90009; 0.0515389 0.916178 0.397443 1.6482; 0.998372 -0.0375328 -0.0429456 -4.17062; 0 0 0 1],,[ 0.0618087 0.0936987 -0.99368 862.658; 0.127768 0.98665 0.100983 1206.13; 0.989876 -0.133202 0.0490118 -160.737; 0 0 0 1],[ 0.106649 -0.0893731 -0.990272 650.136; 0.135307 0.987992 -0.0745952 1408.32; 0.985047 -0.126036 0.117461 -156.728; 0 0 0 1],19.2997,19.2901,5.75582
KINEMATIC,733039,275.053,0.966667,[ -0.0585031 0.398259 -0.915405 4.90231; 0.0542234 0.91689 0.395439 1.64516; 0.996813 -0.0265022 -0.0752359 -4.17335; 0 0 0 1],[ -0.0509269 0.398046 -0.915951 4.90386; 0.0542234 0.91689 0.395439 1.64768; 0.99723 -0.0295276 -0.0682779 -4.17194; 0 0 0 1],,[ 0.0342721 0.094171 -0.994966 866.997; 0.129831 0.986695 0.0978603 1205.85; 0.990944 -0.132531 0.0215898 -162.338; 0 0 0 1],[ 0.0928165 -0.0814607 -0.992345 653.549; 0.136282 0.988307 -0.0683824 1407.18; 0.986312 -0.128892 0.102833 -164.122; 0 0 0 1],19.3286,19.318,5.75985
KINEMATIC,733040,275.07,0.966667,[ -0.0846695 0.397889 -0.913518 4.90566; 0.0575359 0.917233 0.394175 1.6448; 0.994747 -0.0191856 -0.100555 -4.17422; 0 0 0 1],[ -0.0761817 0.397711 -0.914342 4.90721; 0.0575359 0.917233 0.394175 1.64732; 0.995433 -0.0225787 -0.0927591 -4.17284; 0 0 0 1],,[ 0.0112397 0.100367 -0.994887 871.029; 0.133606 0.985878 0.100967 1205.66; 0.990971 -0.134058 -0.00232864 -163.491; 0 0 0 1],[ 0.0802298 -0.0708249 -0.994257 656.864; 0.135513 0.988987 -0.0595145 1406.32; 0.987522 -0.129959 0.0889439 -171.121; 0 0 0 1],19.3565,19.345,5.76333
KINEMATIC,733041,275.087,0.966667,[ -0.109459 0.398495 -0.910615 4.909; 0.0617972 0.917076 0.393894 1.64477; 0.992068 -0.0131584 -0.125008 -4.17504; 0 0 0 1],[ -0.100117 0.398354 -0.911752 4.91054; 0.0617972 0.917076 0.393894 1.64728; 0.993055 -0.0169085 -0.116432 -4.17369; 0 0 0 1],,[ -0.00742088 0.10205 -0.994752 874.86; 0.13845 0.985303 0.100047 1205.66; 0.990342 -0.136981 -0.0214405 -164.349; 0 0 0 1],[ 0.0527849 -0.0443347 -0.997621 659.901; 0.135683 0.990068 -0.03682 1405.27; 0.989345 -0.133417 0.0582761 -177.163; 0 0 0 1],19.383,19.3706,5.76677
KINEMATIC,733042,275.103,0.966667,[ -0.132849 0.399285 -0.907151 4.91224; 0.0657058 0.916798 0.393908 1.64498; 0.988956 -0.00727463 -0.148031 -4.17579; 0 0 0 1],[ -0.122701 0.399189 -0.908621 4.91376; 0.0657058 0.916798 0.393908 1.6475; 0.990267 -0.0113688 -0.138721 -4.17447; 0 0 0 1],,[ -0.0230216 0.101771 -0.994541 878.524; 0.142148 0.985031 0.0975074 1206.13; 0.989578 -0.139128 -0.0371436 -165.17; 0 0 0 1],[ 0.0284517 -0.0443387 -0.998611 663.614; 0.1398 0.989374 -0.0399455 1405.27; 0.989771 -0.138469 0.0343479 -182.852; 0 0 0 1],19.4083,19.3951,5.7701
KINEMATIC,733043,275.12,0.966667,[ -0.15576 0.399899 -0.903227 4.91532; 0.0680225 0.916559 0.394071 1.64528; 0.98545 -5.93439e-05 -0.169965 -4.17636; 0 0 0 1],[ -0.144839 0.399874 -0.905054 4.91684; 0.0680225 0.916559 0.394071 1.6478; 0.987114 -0.00448715 -0.159954 -4.17508; 0 0 0 1],,[ -0.0389837 0.0968393 -0.994536 882.036; 0.145896 0.985178 0.0902093 1206.6; 0.988532 -0.141582 -0.0525343 -166.092; 0 0 0 1],[ 0.00483446 -0.0479942 -0.998836 667.337; 0.145219 0.988293 -0.0467847 1405.38; 0.989388 -0.144824 0.0117476 -187.954; 0 0 0 1],19.4328,19.4188,5.77325
KINEMATIC,733044,275.137,0.966667,[ -0.177653 0.3994 -0.899399 4.91822; 0.0685556 0.916739 0.393559 1.64572; 0.981702 0.00825809 -0.190243 -4.17664; 0 0 0 1],[ -0.166003 0.39947 -0.901591 4.91973; 0.0685556 0.916739 0.393559 1.64824; 0.98374 0.00352288 -0.179567 -4.17539; 0 0 0 1],,[ -0.057343 0.0950944 -0.993815 885.361; 0.145688 0.985594 0.0859016 1207.03; 0.987667 -0.139861 -0.070371 -166.973; 0 0 0 1],[ -0.0171336 -0.0498642 -0.998609 670.811; 0.147267 0.987737 -0.0518481 1405.45; 0.988948 -0.147951 -0.00958007 -192.857; 0 0 0 1],19.4563,19.4415,5.77619
KINEMATIC,733045,275.154,0.966667,[ -0.199344 0.399354 -0.894862 4.92086; 0.0676932 0.91662 0.393984 1.64622; 0.977589 0.0179626 -0.209757 -4.17665; 0 0 0 1],[ -0.186942 0.399549 -0.897448 4.92237; 0.0676932 0.91662 0.393984 1.64874; 0.980036 0.012901 -0.198401 -4.17544; 0 0 0 1],,[ -0.0780638 0.100208 -0.991899 888.517; 0.145887 0.985374 0.0880673 1207.59; 0.986217 -0.13783 -0.0915411 -167.854; 0 0 0 1],[ -0.0370046 -0.0491862 -0.998104 674.014; 0.149718 0.987242 -0.0542017 1405.45; 0.988036 -0.15144 -0.0291684 -197.652; 0 0 0 1],19.4808,19.4651,5.77888
KINEMATIC,733046,275.171,0.966667,[ -0.219312 0.400643 -0.889599 4.92335; 0.0673267 0.915838 0.395862 1.64677; 0.973329 0.0269239 -0.227829 -4.17642; 0 0 0 1],[ -0.206309 0.400967 -0.892559 4.92487; 0.0673267 0.915838 0.395862 1.64928; 0.976168 0.0215769 -0.215941 -4.17524; 0 0 0 1],,[ -0.0993154 0.102978 -0.989713 891.515; 0.145149 0.985491 0.0879734 1208.1; 0.984413 -0.134919 -0.112822 -168.501; 0 0 0 1],[ -0.055728 -0.0508027 -0.997153 677.309; 0.148199 0.987221 -0.0585791 1405.81; 0.987386 -0.151042 -0.0474869 -202.173; 0 0 0 1],19.5008,19.4846,5.78144
KINEMATIC,733047,275.188,0.966667,[ -0.237695 0.402351 -0.884089 4.9257; 0.06816 0.91484 0.398021 1.6473; 0.968945 0.0343482 -0.244877 -4.17606; 0 0 0 1],[ -0.224071 0.402794 -0.887439 4.92722; 0.06816 0.91484 0.398021 1.64982; 0.972187 0.0286974 -0.232444 -4.17491; 0 0 0 1],,[ -0.116668 0.104662 -0.987641 894.496; 0.144206 0.985679 0.0874188 1208.9; 0.982646 -0.132225 -0.13009 -168.878; 0 0 0 1],[ -0.0686031 -0.0566323 -0.996035 680.63; 0.144519 0.987292 -0.0660891 1406.61; 0.987121 -0.14848 -0.0595469 -206.731; 0 0 0 1],19.5217,19.5047,5.78387
KINEMATIC,733048,275.202,0.966667,[ -0.253757 0.406067 -0.877904 4.92793; 0.0701664 0.912948 0.401996 1.64781; 0.96472 0.0404101 -0.260159 -4.17553; 0 0 0 1],[ -0.239586 0.406616 -0.881624 4.92946; 0.0701664 0.912948 0.401996 1.65032; 0.968337 0.0344523 -0.24726 -4.17442; 0 0 0 1],,[ -0.135219 0.101179 -0.985636 897.314; 0.142421 0.986427 0.0817215 1209.76; 0.980526 -0.129325 -0.147793 -169.243; 0 0 0 1],[ -0.0786576 -0.0637485 -0.994861 683.873; 0.140035 0.987352 -0.0743391 1407.72; 0.987017 -0.145163 -0.0687357 -210.986; 0 0 0 1],19.5405,19.5229,5.78622
KINEMATIC,733049,275.22,0.966667,[ -0.26759 0.409069 -0.872386 4.93012; 0.0725634 0.911388 0.405099 1.64836; 0.960797 0.0450976 -0.273562 -4.17484; 0 0 0 1],[ -0.252927 0.409708 -0.876451 4.93166; 0.0725634 0.911388 0.405099 1.65088; 0.964761 0.0388625 -0.260244 -4.17376; 0 0 0 1],,[ -0.151366 0.0963474 -0.983771 899.835; 0.141038 0.987161 0.0749789 1210.61; 0.978364 -0.1274 -0.163011 -169.381; 0 0 0 1],[ -0.0884863 -0.0671532 -0.993811 686.948; 0.135397 0.987653 -0.0787925 1408.79; 0.986832 -0.141531 -0.0783015 -214.843; 0 0 0 1],19.5575,19.5393,5.78858
KINEMATIC,733050,275.238,0.966667,[ -0.279539 0.410093 -0.868147 4.93212; 0.0750293 0.910759 0.406063 1.64883; 0.957198 0.0483743 -0.285362 -4.17392; 0 0 0 1],[ -0.264439 0.410804 -0.872531 4.93368; 0.0750293 0.910759 0.406063 1.65134; 0.96148 0.0419138 -0.271662 -4.17287; 0 0 0 1],,[ -0.166824 0.0950753 -0.981392 902.029; 0.140066 0.987531 0.0718606 1211.34; 0.975987 -0.125472 -0.17806 -169.461; 0 0 0 1],[ -0.105299 -0.0376106 -0.993729 688.473; 0.132614 0.989828 -0.0515152 1408.23; 0.985558 -0.137207 -0.0992405 -218.051; 0 0 0 1],19.5728,19.5541,5.79083
KINEMATIC,733051,275.253,0.966667,[ -0.290291 0.409493 -0.864897 4.93405; 0.0765236 0.910856 0.405569 1.64926; 0.953874 0.0515481 -0.295749 -4.17308; 0 0 0 1],[ -0.274809 0.410274 -0.869572 4.93562; 0.0765236 0.910856 0.405569 1.65177; 0.958449 0.0449112 -0.281707 -4.17206; 0 0 0 1],,[ -0.179818 0.0970304 -0.978903 903.905; 0.139016 0.987643 0.0723604 1211.86; 0.973827 -0.123071 -0.191085 -169.452; 0 0 0 1],[ -0.121466 -0.0460855 -0.991525 691.456; 0.133714 0.989057 -0.0623512 1409.38; 0.983548 -0.140154 -0.113974 -220.34; 0 0 0 1],19.5864,19.5672,5.79299
KINEMATIC,733052,275.273,0.966667,[ -0.300139 0.408834 -0.861842 4.93599; 0.0771668 0.910942 0.405252 1.64958; 0.950769 0.0551263 -0.304958 -4.17212; 0 0 0 1],[ -0.284316 0.409693 -0.866785 4.93757; 0.0771668 0.910942 0.405252 1.65209; 0.95562 0.0483327 -0.29061 -4.17113; 0 0 0 1],,[ -0.192746 0.100256 -0.976114 905.413; 0.137392 0.987725 0.0743184 1212.1; 0.971582 -0.119786 -0.204154 -169.553; 0 0 0 1],[ -0.130663 -0.0299638 -0.990974 693.125; 0.129483 0.990466 -0.0470213 1409.29; 0.982935 -0.134458 -0.125538 -223.051; 0 0 0 1],19.5986,19.5791,5.79517
KINEMATIC,733053,275.287,0.966667,[ -0.309297 0.408269 -0.858866 4.93793; 0.0773799 0.910962 0.405167 1.64974; 0.947812 0.0588581 -0.31335 -4.17119; 0 0 0 1],[ -0.293168 0.409209 -0.864061 4.93953; 0.0773799 0.910962 0.405167 1.65226; 0.952925 0.051921 -0.298729 -4.17024; 0 0 0 1],,[ -0.203266 0.101083 -0.973892 906.733; 0.135414 0.988 0.0742844 1212.09; 0.969714 -0.116779 -0.214515 -169.594; 0 0 0 1],[ -0.142241 -0.0245243 -0.989528 694.975; 0.127277 0.990941 -0.0428549 1409.52; 0.981615 -0.13204 -0.137831 -224.897; 0 0 0 1],19.6098,19.5899,5.79733
KINEMATIC,733054,275.304,0.966667,[ -0.316393 0.407728 -0.856535 4.93927; 0.0776562 0.911022 0.404979 1.64959; 0.945444 0.0616175 -0.319904 -4.17003; 0 0 0 1],[ -0.299999 0.408732 -0.861939 4.94089; 0.0776562 0.911022 0.404979 1.6521; 0.950774 0.0545586 -0.305047 -4.1691; 0 0 0 1],,[ -0.211138 0.101314 -0.972191 908.078; 0.134281 0.98819 0.0738186 1212.02; 0.968189 -0.11496 -0.222249 -169.439; 0 0 0 1],[ -0.14799 -0.0200059 -0.988787 696.717; 0.125107 0.991385 -0.038783 1409.5; 0.981044 -0.129444 -0.144212 -226.458; 0 0 0 1],19.6194,19.5991,5.79911
KINEMATIC,733055,275.321,0.966667,[ -0.321149 0.408315 -0.854483 4.9409; 0.0791358 0.910693 0.405432 1.64928; 0.943716 0.0625843 -0.324781 -4.16913; 0 0 0 1],[ -0.304543 0.40935 -0.86005 4.94253; 0.0791358 0.910693 0.405432 1.6518; 0.949206 0.0554111 -0.30974 -4.16823; 0 0 0 1],,[ -0.217832 0.100078 -0.970842 909.278; 0.133648 0.988417 0.0719026 1211.74; 0.966792 -0.114088 -0.228684 -169.007; 0 0 0 1],[ -0.156476 -0.0179258 -0.987519 698.328; 0.124392 0.991516 -0.0377087 1409.34; 0.979817 -0.12874 -0.152918 -227.36; 0 0 0 1],19.627,19.6065,5.80099
KINEMATIC,733056,275.337,0.966667,[ -0.323824 0.410133 -0.852601 4.94251; 0.081673 0.909912 0.406682 1.64865; 0.942585 0.0620592 -0.328148 -4.16832; 0 0 0 1],[ -0.30706 0.411169 -0.858285 4.94416; 0.081673 0.909912 0.406682 1.65117; 0.948179 0.0547773 -0.312979 -4.16744; 0 0 0 1],,[ -0.224907 0.101361 -0.969094 910.32; 0.132873 0.988474 0.0725512 1211.26; 0.965278 -0.112449 -0.235783 -168.391; 0 0 0 1],[ -0.162684 -0.016256 -0.986544 699.629; 0.123826 0.991623 -0.036759 1408.89; 0.978877 -0.12814 -0.159309 -227.919; 0 0 0 1],19.6326,19.6119,5.80291
KINEMATIC,733057,275.354,0.966667,[ -0.325774 0.414109 -0.849932 4.94396; 0.0840222 0.908097 0.410243 1.6478; 0.941707 0.0622337 -0.330629 -4.1676; 0 0 0 1],[ -0.30889 0.415156 -0.855706 4.94562; 0.0840222 0.908097 0.410243 1.65032; 0.947379 0.054822 -0.315385 -4.16675; 0 0 0 1],,[ -0.229228 0.103856 -0.967816 911.263; 0.132896 0.98832 0.0745793 1210.63; 0.964258 -0.111524 -0.240352 -167.589; 0 0 0 1],[ -0.166547 -0.0168803 -0.985889 700.6; 0.123421 0.991633 -0.0378283 1408.4; 0.978279 -0.12798 -0.16307 -228.311; 0 0 0 1],19.6369,19.616,5.80474
KINEMATIC,733058,275.371,0.966667,[ -0.326918 0.420289 -0.846452 4.94516; 0.0861486 0.905191 0.416183 1.64691; 0.941118 0.0631371 -0.332131 -4.16684; 0 0 0 1],[ -0.309942 0.421357 -0.852288 4.94684; 0.0861486 0.905191 0.416183 1.64942; 0.946845 0.055569 -0.316856 -4.16601; 0 0 0 1],,[ -0.234253 0.103201 -0.966682 912.066; 0.13116 0.988614 0.0737589 1209.96; 0.963287 -0.109511 -0.245122 -166.838; 0 0 0 1],[ -0.171134 -0.0187247 -0.98507 701.426; 0.123833 0.991482 -0.0403598 1408.03; 0.977435 -0.128891 -0.167358 -228.404; 0 0 0 1],19.6401,19.6192,5.80641
KINEMATIC,733059,275.389,0.966667,[ -0.327226 0.423646 -0.844658 4.94588; 0.0877987 0.903633 0.419211 1.64578; 0.940858 0.063017 -0.332888 -4.16547; 0 0 0 1],[ -0.310186 0.424715 -0.850531 4.94758; 0.0877987 0.903633 0.419211 1.64829; 0.946613 0.0553582 -0.317584 -4.16466; 0 0 0 1],,[ -0.238502 0.101773 -0.965795 912.734; 0.130129 0.988874 0.07207 1209.67; 0.962384 -0.108489 -0.249092 -166.168; 0 0 0 1],[ -0.173769 -0.0199373 -0.984585 702.221; 0.123156 0.991506 -0.0418133 1407.92; 0.977055 -0.128523 -0.169838 -228.379; 0 0 0 1],19.6423,19.6213,5.80832
KINEMATIC,733060,275.406,0.966667,[ -0.327704 0.425093 -0.843745 4.9467; 0.0883885 0.902937 0.420585 1.64514; 0.940637 0.0632502 -0.33347 -4.16475; 0 0 0 1],[ -0.310621 0.426168 -0.849644 4.94841; 0.0883885 0.902937 0.420585 1.64765; 0.946416 0.055544 -0.31814 -4.16395; 0 0 0 1],,[ -0.240286 0.101256 -0.965407 913.353; 0.129943 0.988949 0.0713831 1209.67; 0.961966 -0.108295 -0.250788 -165.479; 0 0 0 1],[ -0.174949 -0.0184772 -0.984404 702.891; 0.123222 0.991552 -0.0405106 1407.88; 0.976836 -0.128388 -0.171194 -228.166; 0 0 0 1],19.6438,19.6227,5.80959
KINEMATIC,733061,275.421,0.966667,[ -0.327202 0.422128 -0.845427 4.94735; 0.0871661 0.904343 0.41781 1.64489; 0.940925 0.063016 -0.332699 -4.16422; 0 0 0 1],[ -0.310087 0.423201 -0.851321 4.94908; 0.0871661 0.904343 0.41781 1.6474; 0.946704 0.0553512 -0.317314 -4.16344; 0 0 0 1],,[ -0.239702 0.101105 -0.965567 914.01; 0.129796 0.988971 0.0713341 1209.79; 0.962131 -0.108228 -0.250182 -164.812; 0 0 0 1],[ -0.174289 -0.0175798 -0.984538 703.566; 0.123153 0.991601 -0.0395073 1407.83; 0.976963 -0.128134 -0.17066 -227.789; 0 0 0 1],19.6447,19.6236,5.81047
KINEMATIC,733062,275.439,0.966667,[ -0.328793 0.414762 -0.84845 4.94774; 0.0861907 0.907828 0.410388 1.645; 0.940461 0.0618045 -0.334237 -4.16377; 0 0 0 1],[ -0.311669 0.415815 -0.854377 4.94947; 0.0861907 0.907828 0.410388 1.64752; 0.946274 0.0542661 -0.318782 -4.16299; 0 0 0 1],,[ -0.238498 0.101976 -0.965774 914.667; 0.129206 0.988963 0.072517 1209.91; 0.96251 -0.107488 -0.249041 -164.325; 0 0 0 1],[ -0.173734 -0.0179207 -0.98463 704.191; 0.123395 0.991558 -0.0398194 1407.63; 0.977031 -0.128416 -0.170056 -227.266; 0 0 0 1],19.6452,19.6241,5.81107
KINEMATIC,733063,275.455,0.966667,[ -0.329133 0.405994 -0.852549 4.9479; 0.0848371 0.911915 0.401513 1.6454; 0.940465 0.0598237 -0.334585 -4.16338; 0 0 0 1],[ -0.312005 0.407014 -0.858483 4.94964; 0.0848371 0.911915 0.401513 1.64792; 0.946285 0.0524434 -0.319052 -4.1626; 0 0 0 1],,[ -0.236415 0.103004 -0.966177 915.377; 0.128355 0.988962 0.0740255 1209.94; 0.963137 -0.106513 -0.247026 -163.988; 0 0 0 1],[ -0.173581 -0.0217132 -0.98458 704.826; 0.124405 0.991265 -0.0437931 1407.39; 0.97693 -0.130088 -0.169363 -226.587; 0 0 0 1],19.6453,19.6242,5.81166
KINEMATIC,733064,275.472,0.966667,[ -0.329093 0.398662 -0.856018 4.94808; 0.0840571 0.915281 0.393946 1.64613; 0.940549 0.0576908 -0.334723 -4.16332; 0 0 0 1],[ -0.311973 0.399643 -0.86195 4.94982; 0.0840571 0.915281 0.393946 1.64865; 0.946366 0.0504478 -0.319136 -4.16255; 0 0 0 1],,[ -0.233797 0.102787 -0.966837 916.201; 0.127992 0.988996 0.0741923 1209.91; 0.963824 -0.106401 -0.244381 -163.737; 0 0 0 1],[ -0.172836 -0.0263752 -0.984597 705.293; 0.124837 0.990993 -0.0484603 1407.08; 0.977007 -0.13129 -0.167987 -225.828; 0 0 0 1],19.6456,19.6245,5.81241
KINEMATIC,733065,275.488,0.966667,[ -0.328153 0.392724 -0.859117 4.9481; 0.0835905 0.917985 0.387705 1.64697; 0.940919 0.055413 -0.334068 -4.16334; 0 0 0 1],[ -0.311054 0.393664 -0.865028 4.94984; 0.0835905 0.917985 0.387705 1.64949; 0.946709 0.0482896 -0.31845 -4.16257; 0 0 0 1],,[ -0.231203 0.1009 -0.967659 917.143; 0.128127 0.989103 0.0725225 1209.92; 0.964432 -0.107216 -0.241611 -163.54; 0 0 0 1],[ -0.170623 -0.0302622 -0.984872 705.667; 0.125414 0.990732 -0.0521695 1406.97; 0.977322 -0.132418 -0.165246 -225.109; 0 0 0 1],19.6464,19.6253,5.81325
KINEMATIC,733066,275.506,0.966667,[ -0.32739 0.387857 -0.861616 4.94797; 0.0840336 0.920209 0.382302 1.64789; 0.941145 0.0527571 -0.33386 -4.16341; 0 0 0 1],[ -0.310321 0.388748 -0.867512 4.94971; 0.0840336 0.920209 0.382302 1.6504; 0.946911 0.0457361 -0.318228 -4.16264; 0 0 0 1],,[ -0.229325 0.0973214 -0.968472 918.027; 0.12867 0.989288 0.0689453 1209.95; 0.964808 -0.108802 -0.239391 -163.408; 0 0 0 1],[ -0.168368 -0.0305038 -0.985252 706.063; 0.125493 0.990725 -0.0521185 1406.81; 0.977703 -0.132417 -0.162979 -224.381; 0 0 0 1],19.6475,19.6263,5.81417
KINEMATIC,733067,275.523,0.966667,[ -0.325748 0.383193 -0.864321 4.94771; 0.0847789 0.92234 0.376964 1.64885; 0.941648 0.0495189 -0.332937 -4.16352; 0 0 0 1],[ -0.308717 0.384024 -0.870184 4.94944; 0.0847789 0.92234 0.376964 1.65137; 0.947368 0.0426021 -0.317299 -4.16274; 0 0 0 1],,[ -0.227887 0.0957549 -0.968968 918.723; 0.128883 0.989363 0.067459 1209.97; 0.96512 -0.10951 -0.237804 -163.348; 0 0 0 1],[ -0.166059 -0.0287001 -0.985698 706.376; 0.125336 0.990855 -0.0499654 1406.64; 0.978118 -0.131841 -0.160943 -223.727; 0 0 0 1],19.649,19.6278,5.81518
KINEMATIC,733068,275.54,0.966667,[ -0.324197 0.378432 -0.866998 4.94743; 0.0849312 0.924441 0.371747 1.64966; 0.942169 0.046884 -0.331841 -4.16368; 0 0 0 1],[ -0.307213 0.379214 -0.872822 4.94917; 0.0849312 0.924441 0.371747 1.65217; 0.947844 0.0400758 -0.316207 -4.1629; 0 0 0 1],,[ -0.227216 0.0950063 -0.969199 919.222; 0.128619 0.989439 0.0668373 1209.87; 0.965313 -0.109471 -0.237036 -163.423; 0 0 0 1],[ -0.163344 -0.0302612 -0.986105 706.621; 0.124736 0.990875 -0.0510696 1406.55; 0.978652 -0.131345 -0.158078 -223.164; 0 0 0 1],19.6508,19.6295,5.81605
KINEMATIC,733069,275.557,0.966667,[ -0.323078 0.373763 -0.869437 4.94705; 0.084497 0.926429 0.366864 1.65039; 0.942592 0.0450612 -0.330891 -4.16383; 0 0 0 1],[ -0.30614 0.37451 -0.875226 4.94878; 0.084497 0.926429 0.366864 1.65291; 0.948229 0.0383581 -0.315262 -4.16304; 0 0 0 1],,[ -0.225817 0.0931444 -0.969706 919.573; 0.128143 0.989609 0.0652154 1209.73; 0.965705 -0.109534 -0.235407 -163.509; 0 0 0 1],[ -0.161617 -0.0321502 -0.98633 706.725; 0.125348 0.990705 -0.0528319 1406.34; 0.978861 -0.132173 -0.156084 -222.556; 0 0 0 1],19.6525,19.6311,5.81689
KINEMATIC,733070,275.574,0.966667,[ -0.322175 0.368252 -0.87212 4.94672; 0.0842207 0.928737 0.361046 1.65107; 0.942926 0.0428695 -0.33023 -4.16404; 0 0 0 1],[ -0.305281 0.368959 -0.87788 4.94844; 0.0842207 0.928737 0.361046 1.65359; 0.948531 0.0362853 -0.3146 -4.16324; 0 0 0 1],,[ -0.222421 0.0907162 -0.970721 919.808; 0.128347 0.989721 0.0630836 1209.57; 0.966466 -0.110559 -0.231778 -163.523; 0 0 0 1],[ -0.158682 -0.0353186 -0.986698 706.706; 0.125751 0.990498 -0.0556781 1406.19; 0.979289 -0.132913 -0.152733 -221.976; 0 0 0 1],19.6541,19.6327,5.81768
KINEMATIC,733071,275.591,0.966667,[ -0.320724 0.36319 -0.874773 4.94649; 0.0839236 0.930827 0.355693 1.65173; 0.943447 0.0406654 -0.329019 -4.16419; 0 0 0 1],[ -0.303878 0.363856 -0.880493 4.94822; 0.0839236 0.930827 0.355693 1.65424; 0.949008 0.0341932 -0.313394 -4.16339; 0 0 0 1],,[ -0.216866 0.0900963 -0.972035 919.899; 0.129561 0.98958 0.0628167 1209.61; 0.967566 -0.112315 -0.226279 -163.539; 0 0 0 1],[ -0.152816 -0.0359283 -0.987601 706.549; 0.125486 0.990544 -0.0554523 1406.01; 0.980255 -0.132404 -0.146862 -221.481; 0 0 0 1],19.6558,19.6344,5.81838
KINEMATIC,733072,275.607,0.966667,[ -0.319341 0.360436 -0.876417 4.94625; 0.0839063 0.931964 0.352707 1.65228; 0.943918 0.0390969 -0.327857 -4.16437; 0 0 0 1],[ -0.30254 0.361073 -0.882098 4.94797; 0.0839063 0.931964 0.352707 1.6548; 0.949436 0.0326946 -0.312253 -4.16357; 0 0 0 1],,[ -0.210352 0.0908207 -0.973398 919.794; 0.130767 0.989342 0.0640495 1209.57; 0.968841 -0.113815 -0.219987 -163.603; 0 0 0 1],[ -0.147603 -0.0371909 -0.988347 706.402; 0.125499 0.990511 -0.0560146 1406.04; 0.981052 -0.132304 -0.141535 -220.794; 0 0 0 1],19.6575,19.636,5.81902
KINEMATIC,733073,275.623,0.966667,[ -0.317878 0.359743 -0.877233 4.94593; 0.0833507 0.932244 0.352099 1.65276; 0.944461 0.0388066 -0.326325 -4.16455; 0 0 0 1],[ -0.301121 0.360373 -0.882869 4.94765; 0.0833507 0.932244 0.352099 1.65528; 0.949936 0.0324367 -0.310756 -4.16374; 0 0 0 1],,[ -0.203593 0.0923606 -0.974689 919.569; 0.132466 0.988985 0.0660457 1209.52; 0.970053 -0.115667 -0.213585 -163.794; 0 0 0 1],[ -0.14336 -0.0377272 -0.988951 706.163; 0.126381 0.990394 -0.0561026 1406.14; 0.981568 -0.133027 -0.137214 -219.928; 0 0 0 1],19.6592,19.6376,5.81962
KINEMATIC,733074,275.64,0.966667,[ -0.316628 0.360624 -0.877324 4.9456; 0.0827016 0.931884 0.353204 1.65312; 0.944938 0.0392783 -0.324885 -4.16482; 0 0 0 1],[ -0.299914 0.361261 -0.882917 4.94732; 0.0827016 0.931884 0.353204 1.65563; 0.950375 0.0329122 -0.309362 -4.16401; 0 0 0 1],,[ -0.197003 0.0935116 -0.975933 919.19; 0.133951 0.988673 0.0676927 1209.33; 0.971209 -0.117392 -0.207298 -164.089; 0 0 0 1],[ -0.138386 -0.0369951 -0.989687 705.857; 0.127734 0.990289 -0.0548784 1406.16; 0.982107 -0.134011 -0.132316 -219.005; 0 0 0 1],19.6608,19.6392,5.82018
KINEMATIC,733075,275.657,0.966667,[ -0.314096 0.360481 -0.878292 4.94522; 0.0819043 0.931951 0.353214 1.6533; 0.945852 0.039007 -0.322247 -4.16513; 0 0 0 1],[ -0.297432 0.361111 -0.883818 4.94692; 0.0819043 0.931951 0.353214 1.65582; 0.951224 0.0326684 -0.306768 -4.16431; 0 0 0 1],,[ -0.190763 0.0948978 -0.977038 918.677; 0.134265 0.988485 0.0697949 1208.96; 0.972411 -0.117867 -0.201307 -164.367; 0 0 0 1],[ -0.13066 -0.0340101 -0.990844 705.407; 0.130035 0.99019 -0.0511351 1405.92; 0.982862 -0.135526 -0.124956 -218.156; 0 0 0 1],19.6629,19.6412,5.8207
